0.000000e+00	3.858612e+00
4.687500e+01	3.943435e+00
9.375000e+01	4.139834e+00
1.406250e+02	4.555791e+00
1.875000e+02	5.152444e+00
2.343750e+02	6.386426e+00
2.812500e+02	8.327037e+00
3.281250e+02	1.358295e+01
3.750000e+02	2.738194e+01
4.218750e+02	1.372612e+02
4.687500e+02	9.428446e+01
5.156250e+02	3.006482e+01
5.625000e+02	1.691722e+01
6.093750e+02	1.093434e+01
6.562500e+02	8.167612e+00
7.031250e+02	6.345180e+00
7.500000e+02	5.276559e+00
7.968750e+02	4.451522e+00
8.437500e+02	3.900512e+00
8.906250e+02	3.450868e+00
9.375000e+02	3.118431e+00
9.843750e+02	2.859551e+00
1.031250e+03	2.641639e+00
1.078125e+03	2.511250e+00
1.125000e+03	2.346771e+00
1.171875e+03	2.263626e+00
1.218750e+03	1.649522e+00
1.265625e+03	7.633108e-01
1.312500e+03	5.275540e+01
1.359375e+03	1.767323e+01
1.406250e+03	8.535632e+00
1.453125e+03	5.987308e+00
1.500000e+03	4.526066e+00
1.546875e+03	3.823161e+00
1.593750e+03	3.300941e+00
1.640625e+03	3.010667e+00
1.687500e+03	2.775201e+00
1.734375e+03	2.635772e+00
1.781250e+03	2.540105e+00
1.828125e+03	2.488596e+00
1.875000e+03	2.502457e+00
1.921875e+03	2.545070e+00
1.968750e+03	2.714036e+00
2.015625e+03	2.945787e+00
2.062500e+03	3.512476e+00
2.109375e+03	4.377481e+00
2.156250e+03	7.284407e+00
2.203125e+03	3.246756e+01
2.250000e+03	2.625023e+00
2.296875e+03	2.122878e+00
2.343750e+03	1.941845e+00
2.390625e+03	1.669956e+00
2.437500e+03	1.558271e+00
2.484375e+03	1.455730e+00
2.531250e+03	1.414222e+00
2.578125e+03	1.390470e+00
2.625000e+03	1.388692e+00
2.671875e+03	1.420207e+00
2.718750e+03	1.458934e+00
2.765625e+03	1.557905e+00
2.812500e+03	1.672417e+00
2.859375e+03	1.915029e+00
2.906250e+03	2.256558e+00
2.953125e+03	3.025818e+00
3.000000e+03	4.582315e+00
3.046875e+03	1.131903e+01
3.093750e+03	2.098085e+01
3.140625e+03	2.605288e+00
3.187500e+03	9.239117e-01
3.234375e+03	3.681841e-01
3.281250e+03	1.795268e-01
3.328125e+03	1.709747e-01
3.375000e+03	1.782790e-01
3.421875e+03	2.341770e-01
3.468750e+03	2.668757e-01
3.515625e+03	3.122062e-01
3.562500e+03	3.586411e-01
3.609375e+03	4.110800e-01
3.656250e+03	4.905198e-01
3.703125e+03	5.880216e-01
3.750000e+03	7.671747e-01
3.796875e+03	1.045233e+00
3.843750e+03	1.700648e+00
3.890625e+03	3.294547e+00
3.937500e+03	1.329396e+01
3.984375e+03	1.273999e+01
4.031250e+03	3.619320e+00
4.078125e+03	2.027016e+00
4.125000e+03	1.352132e+00
4.171875e+03	1.048955e+00
4.218750e+03	8.562714e-01
4.265625e+03	7.398325e-01
4.312500e+03	6.508501e-01
4.359375e+03	5.874586e-01
4.406250e+03	5.329456e-01
4.453125e+03	4.881318e-01
4.500000e+03	4.461402e-01
4.546875e+03	4.024260e-01
4.593750e+03	3.591419e-01
4.640625e+03	2.882152e-01
4.687500e+03	1.875041e-01
4.734375e+03	1.376887e-01
4.781250e+03	1.087678e+00
4.828125e+03	1.360625e+01
4.875000e+03	6.567938e+00
4.921875e+03	2.813582e+00
4.968750e+03	1.883711e+00
5.015625e+03	1.406141e+00
5.062500e+03	1.186534e+00
5.109375e+03	1.028174e+00
5.156250e+03	9.483010e-01
5.203125e+03	8.775918e-01
5.250000e+03	8.459671e-01
5.296875e+03	8.148084e-01
5.343750e+03	8.095824e-01
5.390625e+03	8.081870e-01
5.437500e+03	8.275008e-01
5.484375e+03	8.658129e-01
5.531250e+03	9.262551e-01
5.578125e+03	1.049964e+00
5.625000e+03	1.185498e+00
5.671875e+03	1.536390e+00
5.718750e+03	1.254338e+01
5.765625e+03	2.201344e+00
5.812500e+03	1.340419e+00
5.859375e+03	1.071311e+00
5.906250e+03	8.712852e-01
5.953125e+03	7.905930e-01
6.000000e+03	7.195448e-01
6.046875e+03	6.969302e-01
6.093750e+03	6.735147e-01
6.140625e+03	6.760922e-01
6.187500e+03	6.811359e-01
6.234375e+03	7.034983e-01
6.281250e+03	7.401930e-01
6.328125e+03	7.946263e-01
6.375000e+03	8.923715e-01
6.421875e+03	1.034426e+00
6.468750e+03	1.334018e+00
6.515625e+03	1.890939e+00
6.562500e+03	4.031315e+00
6.609375e+03	1.043760e+01
6.656250e+03	6.167259e-01
6.703125e+03	8.653543e-02
6.750000e+03	1.414559e-01
6.796875e+03	1.550280e-01
6.843750e+03	1.938655e-01
6.890625e+03	2.027894e-01
6.937500e+03	2.284339e-01
6.984375e+03	2.430380e-01
7.031250e+03	2.672351e-01
7.078125e+03	2.925377e-01
7.125000e+03	3.230799e-01
7.171875e+03	3.695293e-01
7.218750e+03	4.261584e-01
7.265625e+03	5.306441e-01
7.312500e+03	6.848964e-01
7.359375e+03	1.037957e+00
7.406250e+03	1.832238e+00
7.453125e+03	6.029382e+00
7.500000e+03	7.702835e+00
7.546875e+03	1.755951e+00
7.593750e+03	9.140931e-01
7.640625e+03	5.813000e-01
7.687500e+03	4.404947e-01
7.734375e+03	3.542630e-01
7.781250e+03	2.992972e-01
7.828125e+03	2.615870e-01
7.875000e+03	2.269917e-01
7.921875e+03	2.028510e-01
7.968750e+03	1.722659e-01
8.015625e+03	1.497003e-01
8.062500e+03	1.130002e-01
8.109375e+03	7.863450e-02
8.156250e+03	1.687553e-02
8.203125e+03	9.391929e-02
8.250000e+03	3.520435e-01
8.296875e+03	1.047190e+00
8.343750e+03	7.263052e+00
8.390625e+03	4.804005e+00
8.437500e+03	1.793127e+00
8.484375e+03	1.133800e+00
8.531250e+03	8.252837e-01
8.578125e+03	6.831663e-01
8.625000e+03	5.886928e-01
8.671875e+03	5.361638e-01
8.718750e+03	4.949560e-01
8.765625e+03	4.718424e-01
8.812500e+03	4.514096e-01
8.859375e+03	4.425502e-01
8.906250e+03	4.351220e-01
8.953125e+03	4.363879e-01
9.000000e+03	4.421764e-01
9.046875e+03	4.527651e-01
9.093750e+03	4.700806e-01
9.140625e+03	4.408591e-01
9.187500e+03	2.774908e-01
9.234375e+03	7.606314e+00
9.281250e+03	2.194718e+00
9.328125e+03	1.133538e+00
9.375000e+03	8.299076e-01
9.421875e+03	6.494647e-01
9.468750e+03	5.727660e-01
9.515625e+03	5.121809e-01
9.562500e+03	4.896350e-01
9.609375e+03	4.663797e-01
9.656250e+03	4.653404e-01
9.703125e+03	4.614482e-01
9.750000e+03	4.749910e-01
9.796875e+03	4.893713e-01
9.843750e+03	5.212476e-01
9.890625e+03	5.684174e-01
9.937500e+03	6.435278e-01
9.984375e+03	7.858468e-01
1.003125e+04	1.028771e+00
1.007812e+04	1.847784e+00
1.012500e+04	7.066753e+00
1.017188e+04	3.051268e-01
1.021875e+04	2.583970e-01
1.026562e+04	2.708048e-01
1.031250e+04	2.342735e-01
1.035938e+04	2.363357e-01
1.040625e+04	2.243670e-01
1.045312e+04	2.353227e-01
1.050000e+04	2.367511e-01
1.054688e+04	2.524739e-01
1.059375e+04	2.640932e-01
1.064062e+04	2.872964e-01
1.068750e+04	3.154528e-01
1.073438e+04	3.565680e-01
1.078125e+04	4.242721e-01
1.082812e+04	5.272401e-01
1.087500e+04	7.490202e-01
1.092188e+04	1.217915e+00
1.096875e+04	3.371376e+00
1.101562e+04	5.795537e+00
1.106250e+04	9.740077e-01
1.110938e+04	4.601158e-01
1.115625e+04	2.700307e-01
1.120312e+04	2.002068e-01
1.125000e+04	1.561534e-01
1.129688e+04	1.290870e-01
1.134375e+04	1.119493e-01
1.139062e+04	9.210612e-02
1.143750e+04	8.315270e-02
1.148438e+04	6.305511e-02
1.153125e+04	5.668247e-02
1.157812e+04	4.269039e-02
1.162500e+04	5.691090e-02
1.167188e+04	1.026166e-01
1.171875e+04	1.865166e-01
1.176562e+04	3.993223e-01
1.181250e+04	9.272451e-01
1.185938e+04	4.576382e+00
1.190625e+04	4.067602e+00
1.195312e+04	1.300091e+00
1.200000e+04	7.796313e-01
1.204688e+04	5.530150e-01
1.209375e+04	4.515245e-01
1.214062e+04	3.867225e-01
1.218750e+04	3.483760e-01
1.223438e+04	3.208118e-01
1.228125e+04	3.009939e-01
1.232812e+04	2.865434e-01
1.237500e+04	2.739517e-01
1.242188e+04	2.651916e-01
1.246875e+04	2.562759e-01
1.251562e+04	2.493034e-01
1.256250e+04	2.361703e-01
1.260938e+04	2.142062e-01
1.265625e+04	1.336790e-01
1.270312e+04	1.987849e-01
1.275000e+04	5.260116e+00
1.279688e+04	2.236899e+00
1.284375e+04	1.011597e+00
1.289062e+04	6.930254e-01
1.293750e+04	5.282858e-01
1.298438e+04	4.546649e-01
1.303125e+04	4.037136e-01
1.307812e+04	3.801258e-01
1.312500e+04	3.604100e-01
1.317188e+04	3.548967e-01
1.321875e+04	3.493873e-01
1.326562e+04	3.549053e-01
1.331250e+04	3.598023e-01
1.335938e+04	3.768232e-01
1.340625e+04	3.995311e-01
1.345312e+04	4.382051e-01
1.350000e+04	5.015322e-01
1.354688e+04	5.928190e-01
1.359375e+04	8.362940e-01
1.364062e+04	5.309387e+00
1.368750e+04	6.606026e-01
1.373438e+04	4.109154e-01
1.378125e+04	3.360288e-01
1.382812e+04	2.714967e-01
1.387500e+04	2.528368e-01
1.392188e+04	2.319776e-01
1.396875e+04	2.341232e-01
1.401562e+04	2.285574e-01
1.406250e+04	2.389731e-01
1.410938e+04	2.433683e-01
1.415625e+04	2.617394e-01
1.420312e+04	2.779765e-01
1.425000e+04	3.091615e-01
1.429688e+04	3.524933e-01
1.434375e+04	4.244486e-01
1.439062e+04	5.648732e-01
1.443750e+04	8.466731e-01
1.448438e+04	1.989690e+00
1.453125e+04	4.724430e+00
1.457812e+04	4.931514e-01
1.462500e+04	1.948371e-01
1.467188e+04	9.591295e-02
1.471875e+04	7.134876e-02
1.476562e+04	5.712585e-02
1.481250e+04	5.018413e-02
1.485938e+04	5.231161e-02
1.490625e+04	4.764839e-02
1.495312e+04	5.587611e-02
1.500000e+04	5.473781e-02
1.504688e+04	6.757210e-02
1.509375e+04	7.812082e-02
1.514062e+04	1.036840e-01
1.518750e+04	1.458452e-01
1.523438e+04	2.176037e-01
1.528125e+04	3.879039e-01
1.532812e+04	7.848703e-01
1.537500e+04	3.054374e+00
1.542188e+04	3.633645e+00
1.546875e+04	9.645149e-01
1.551562e+04	5.512291e-01
1.556250e+04	3.805561e-01
1.560938e+04	3.102259e-01
1.565625e+04	2.638494e-01
1.570312e+04	2.368478e-01
1.575000e+04	2.170643e-01
1.579688e+04	2.012856e-01
1.584375e+04	1.897743e-01
1.589062e+04	1.765695e-01
1.593750e+04	1.681460e-01
1.598438e+04	1.527662e-01
1.603125e+04	1.407581e-01
1.607812e+04	1.152307e-01
1.612500e+04	8.113283e-02
1.617188e+04	8.210379e-02
1.621875e+04	3.908724e-01
1.626562e+04	3.832364e+00
1.631250e+04	2.278705e+00
1.635938e+04	9.062223e-01
1.640625e+04	5.899053e-01
1.645312e+04	4.404353e-01
1.650000e+04	3.729401e-01
1.654688e+04	3.308435e-01
1.659375e+04	3.073738e-01
1.664062e+04	2.911278e-01
1.668750e+04	2.825648e-01
1.673438e+04	2.775395e-01
1.678125e+04	2.764686e-01
1.682812e+04	2.782866e-01
1.687500e+04	2.842870e-01
1.692188e+04	2.942118e-01
1.696875e+04	3.080843e-01
1.701562e+04	3.284481e-01
1.706250e+04	3.363104e-01
1.710938e+04	2.950961e-01
1.715625e+04	4.169828e+00
1.720312e+04	9.552160e-01
1.725000e+04	4.997030e-01
1.729688e+04	3.659293e-01
1.734375e+04	2.856920e-01
1.739062e+04	2.547128e-01
1.743750e+04	2.316872e-01
1.748438e+04	2.262950e-01
1.753125e+04	2.205727e-01
1.757812e+04	2.249931e-01
1.762500e+04	2.268928e-01
1.767188e+04	2.394141e-01
1.771875e+04	2.490966e-01
1.776562e+04	2.711453e-01
1.781250e+04	2.980815e-01
1.785938e+04	3.467085e-01
1.790625e+04	4.294511e-01
1.795312e+04	5.891962e-01
1.800000e+04	1.155764e+00
1.804688e+04	3.989127e+00
1.809375e+04	1.780939e-01
1.814062e+04	4.335520e-02
1.818750e+04	4.327839e-02
1.823438e+04	3.649613e-02
1.828125e+04	4.929982e-02
1.832812e+04	5.028625e-02
1.837500e+04	6.220897e-02
1.842188e+04	6.387517e-02
1.846875e+04	7.641196e-02
1.851562e+04	7.947492e-02
1.856250e+04	9.409323e-02
1.860938e+04	1.037763e-01
1.865625e+04	1.283665e-01
1.870312e+04	1.605547e-01
1.875000e+04	2.202115e-01
1.879688e+04	3.485871e-01
1.884375e+04	6.377220e-01
1.889062e+04	2.059626e+00
1.893750e+04	3.319090e+00
1.898438e+04	6.959103e-01
1.903125e+04	3.817978e-01
1.907812e+04	2.572147e-01
1.912500e+04	2.141538e-01
1.917188e+04	1.807252e-01
1.921875e+04	1.650621e-01
1.926562e+04	1.494067e-01
1.931250e+04	1.391462e-01
1.935938e+04	1.287300e-01
1.940625e+04	1.177210e-01
1.945312e+04	1.069498e-01
1.950000e+04	9.160882e-02
1.954688e+04	7.611480e-02
1.959375e+04	4.774101e-02
1.964062e+04	2.642458e-02
1.968750e+04	1.386251e-01
1.973438e+04	4.462237e-01
1.978125e+04	2.840844e+00
1.982812e+04	2.306503e+00
1.987500e+04	7.994455e-01
1.992188e+04	5.009638e-01
1.996875e+04	3.675698e-01
2.001562e+04	3.117377e-01
2.006250e+04	2.754113e-01
2.010938e+04	2.562458e-01
2.015625e+04	2.429640e-01
2.020312e+04	2.342063e-01
2.025000e+04	2.291571e-01
2.029688e+04	2.251505e-01
2.034375e+04	2.246465e-01
2.039062e+04	2.230849e-01
2.043750e+04	2.260497e-01
2.048438e+04	2.246472e-01
2.053125e+04	2.224291e-01
2.057812e+04	1.907269e-01
2.062500e+04	8.294401e-02
2.067188e+04	3.337536e+00
2.071875e+04	1.183762e+00
2.076562e+04	5.406766e-01
2.081250e+04	3.697869e-01
2.085938e+04	2.819730e-01
2.090625e+04	2.456229e-01
2.095312e+04	2.239469e-01
2.100000e+04	2.146580e-01
2.104688e+04	2.098079e-01
2.109375e+04	2.102700e-01
2.114062e+04	2.123103e-01
2.118750e+04	2.179225e-01
2.123438e+04	2.255305e-01
2.128125e+04	2.386705e-01
2.132812e+04	2.549977e-01
2.137500e+04	2.831091e-01
2.142188e+04	3.247162e-01
2.146875e+04	3.941887e-01
2.151562e+04	6.029928e-01
2.156250e+04	3.438464e+00
2.160938e+04	2.222206e-01
2.165625e+04	1.092562e-01
2.170312e+04	8.286729e-02
2.175000e+04	5.878911e-02
2.179688e+04	5.988598e-02
2.184375e+04	6.159414e-02
2.189062e+04	6.833013e-02
2.193750e+04	7.286234e-02
2.198438e+04	7.811851e-02
2.203125e+04	8.182195e-02
2.207812e+04	8.601390e-02
2.212500e+04	8.777134e-02
2.217188e+04	9.173948e-02
2.221875e+04	9.271067e-02
2.226562e+04	9.598106e-02
2.231250e+04	9.590713e-02
2.235938e+04	9.959475e-02
2.240625e+04	9.915126e-02
2.245312e+04	1.023331e-01
2.250000e+04	1.014637e-01
2.254688e+04	1.043262e-01
2.259375e+04	1.036700e-01
2.264062e+04	1.057540e-01
2.268750e+04	1.051798e-01
2.273438e+04	1.073628e-01
2.278125e+04	1.069219e-01
2.282812e+04	1.076833e-01
2.287500e+04	1.083533e-01
2.292188e+04	1.084669e-01
2.296875e+04	1.102256e-01
2.301562e+04	1.088669e-01
2.306250e+04	1.108284e-01
2.310938e+04	1.094011e-01
2.315625e+04	1.115150e-01
2.320312e+04	1.101162e-01
2.325000e+04	1.121231e-01
2.329688e+04	1.102308e-01
2.334375e+04	1.122286e-01
2.339062e+04	1.105668e-01
2.343750e+04	1.123492e-01
2.348438e+04	1.115909e-01
2.353125e+04	1.122279e-01
2.357812e+04	1.122615e-01
2.362500e+04	1.120746e-01
2.367188e+04	1.129133e-01
2.371875e+04	1.116857e-01
2.376562e+04	1.133630e-01
2.381250e+04	1.123465e-01
2.385938e+04	1.135845e-01
2.390625e+04	1.120684e-01
2.395312e+04	1.136832e-01
2.400000e+04	1.111755e-01
2.404688e+04	1.136832e-01
2.409375e+04	1.120684e-01
2.414062e+04	1.135845e-01
2.418750e+04	1.123465e-01
2.423438e+04	1.133630e-01
2.428125e+04	1.116857e-01
2.432812e+04	1.129133e-01
2.437500e+04	1.120746e-01
2.442188e+04	1.122615e-01
2.446875e+04	1.122279e-01
2.451562e+04	1.115909e-01
2.456250e+04	1.123492e-01
2.460938e+04	1.105668e-01
2.465625e+04	1.122286e-01
2.470312e+04	1.102308e-01
2.475000e+04	1.121231e-01
2.479688e+04	1.101162e-01
2.484375e+04	1.115150e-01
2.489062e+04	1.094011e-01
2.493750e+04	1.108284e-01
2.498438e+04	1.088669e-01
2.503125e+04	1.102256e-01
2.507812e+04	1.084669e-01
2.512500e+04	1.083533e-01
2.517188e+04	1.076833e-01
2.521875e+04	1.069219e-01
2.526562e+04	1.073628e-01
2.531250e+04	1.051798e-01
2.535938e+04	1.057540e-01
2.540625e+04	1.036700e-01
2.545312e+04	1.043262e-01
2.550000e+04	1.014637e-01
2.554688e+04	1.023331e-01
2.559375e+04	9.915126e-02
2.564062e+04	9.959475e-02
2.568750e+04	9.590713e-02
2.573438e+04	9.598106e-02
2.578125e+04	9.271067e-02
2.582812e+04	9.173948e-02
2.587500e+04	8.777134e-02
2.592188e+04	8.601390e-02
2.596875e+04	8.182195e-02
2.601562e+04	7.811851e-02
2.606250e+04	7.286234e-02
2.610938e+04	6.833013e-02
2.615625e+04	6.159414e-02
2.620312e+04	5.988598e-02
2.625000e+04	5.878911e-02
2.629688e+04	8.286729e-02
2.634375e+04	1.092562e-01
2.639062e+04	2.222206e-01
2.643750e+04	3.438464e+00
2.648438e+04	6.029928e-01
2.653125e+04	3.941887e-01
2.657812e+04	3.247162e-01
2.662500e+04	2.831091e-01
2.667188e+04	2.549977e-01
2.671875e+04	2.386705e-01
2.676562e+04	2.255305e-01
2.681250e+04	2.179225e-01
2.685938e+04	2.123103e-01
2.690625e+04	2.102700e-01
2.695312e+04	2.098079e-01
2.700000e+04	2.146580e-01
2.704688e+04	2.239469e-01
2.709375e+04	2.456229e-01
2.714062e+04	2.819730e-01
2.718750e+04	3.697869e-01
2.723438e+04	5.406766e-01
2.728125e+04	1.183762e+00
2.732812e+04	3.337536e+00
2.737500e+04	8.294401e-02
2.742188e+04	1.907269e-01
2.746875e+04	2.224291e-01
2.751562e+04	2.246472e-01
2.756250e+04	2.260497e-01
2.760938e+04	2.230849e-01
2.765625e+04	2.246465e-01
2.770312e+04	2.251505e-01
2.775000e+04	2.291571e-01
2.779688e+04	2.342063e-01
2.784375e+04	2.429640e-01
2.789062e+04	2.562458e-01
2.793750e+04	2.754113e-01
2.798438e+04	3.117377e-01
2.803125e+04	3.675698e-01
2.807812e+04	5.009638e-01
2.812500e+04	7.994455e-01
2.817188e+04	2.306503e+00
2.821875e+04	2.840844e+00
2.826562e+04	4.462237e-01
2.831250e+04	1.386251e-01
2.835938e+04	2.642458e-02
2.840625e+04	4.774101e-02
2.845312e+04	7.611480e-02
2.850000e+04	9.160882e-02
2.854688e+04	1.069498e-01
2.859375e+04	1.177210e-01
2.864062e+04	1.287300e-01
2.868750e+04	1.391462e-01
2.873438e+04	1.494067e-01
2.878125e+04	1.650621e-01
2.882812e+04	1.807252e-01
2.887500e+04	2.141538e-01
2.892188e+04	2.572147e-01
2.896875e+04	3.817978e-01
2.901562e+04	6.959103e-01
2.906250e+04	3.319090e+00
2.910938e+04	2.059626e+00
2.915625e+04	6.377220e-01
2.920312e+04	3.485871e-01
2.925000e+04	2.202115e-01
2.929688e+04	1.605547e-01
2.934375e+04	1.283665e-01
2.939062e+04	1.037763e-01
2.943750e+04	9.409323e-02
2.948438e+04	7.947492e-02
2.953125e+04	7.641196e-02
2.957812e+04	6.387517e-02
2.962500e+04	6.220897e-02
2.967188e+04	5.028625e-02
2.971875e+04	4.929982e-02
2.976562e+04	3.649613e-02
2.981250e+04	4.327839e-02
2.985938e+04	4.335520e-02
2.990625e+04	1.780939e-01
2.995312e+04	3.989127e+00
3.000000e+04	1.155764e+00
3.004688e+04	5.891962e-01
3.009375e+04	4.294511e-01
3.014062e+04	3.467085e-01
3.018750e+04	2.980815e-01
3.023438e+04	2.711453e-01
3.028125e+04	2.490966e-01
3.032812e+04	2.394141e-01
3.037500e+04	2.268928e-01
3.042188e+04	2.249931e-01
3.046875e+04	2.205727e-01
3.051562e+04	2.262950e-01
3.056250e+04	2.316872e-01
3.060938e+04	2.547128e-01
3.065625e+04	2.856920e-01
3.070312e+04	3.659293e-01
3.075000e+04	4.997030e-01
3.079688e+04	9.552160e-01
3.084375e+04	4.169828e+00
3.089062e+04	2.950961e-01
3.093750e+04	3.363104e-01
3.098438e+04	3.284481e-01
3.103125e+04	3.080843e-01
3.107812e+04	2.942118e-01
3.112500e+04	2.842870e-01
3.117188e+04	2.782866e-01
3.121875e+04	2.764686e-01
3.126562e+04	2.775395e-01
3.131250e+04	2.825648e-01
3.135938e+04	2.911278e-01
3.140625e+04	3.073738e-01
3.145312e+04	3.308435e-01
3.150000e+04	3.729401e-01
3.154688e+04	4.404353e-01
3.159375e+04	5.899053e-01
3.164062e+04	9.062223e-01
3.168750e+04	2.278705e+00
3.173438e+04	3.832364e+00
3.178125e+04	3.908724e-01
3.182812e+04	8.210379e-02
3.187500e+04	8.113283e-02
3.192188e+04	1.152307e-01
3.196875e+04	1.407581e-01
3.201562e+04	1.527662e-01
3.206250e+04	1.681460e-01
3.210938e+04	1.765695e-01
3.215625e+04	1.897743e-01
3.220312e+04	2.012856e-01
3.225000e+04	2.170643e-01
3.229688e+04	2.368478e-01
3.234375e+04	2.638494e-01
3.239062e+04	3.102259e-01
3.243750e+04	3.805561e-01
3.248438e+04	5.512291e-01
3.253125e+04	9.645149e-01
3.257812e+04	3.633645e+00
3.262500e+04	3.054374e+00
3.267188e+04	7.848703e-01
3.271875e+04	3.879039e-01
3.276562e+04	2.176037e-01
3.281250e+04	1.458452e-01
3.285938e+04	1.036840e-01
3.290625e+04	7.812082e-02
3.295312e+04	6.757210e-02
3.300000e+04	5.473781e-02
3.304688e+04	5.587611e-02
3.309375e+04	4.764839e-02
3.314062e+04	5.231161e-02
3.318750e+04	5.018413e-02
3.323438e+04	5.712585e-02
3.328125e+04	7.134876e-02
3.332812e+04	9.591295e-02
3.337500e+04	1.948371e-01
3.342188e+04	4.931514e-01
3.346875e+04	4.724430e+00
3.351562e+04	1.989690e+00
3.356250e+04	8.466731e-01
3.360938e+04	5.648732e-01
3.365625e+04	4.244486e-01
3.370312e+04	3.524933e-01
3.375000e+04	3.091615e-01
3.379688e+04	2.779765e-01
3.384375e+04	2.617394e-01
3.389062e+04	2.433683e-01
3.393750e+04	2.389731e-01
3.398438e+04	2.285574e-01
3.403125e+04	2.341232e-01
3.407812e+04	2.319776e-01
3.412500e+04	2.528368e-01
3.417188e+04	2.714967e-01
3.421875e+04	3.360288e-01
3.426562e+04	4.109154e-01
3.431250e+04	6.606026e-01
3.435938e+04	5.309387e+00
3.440625e+04	8.362940e-01
3.445312e+04	5.928190e-01
3.450000e+04	5.015322e-01
3.454688e+04	4.382051e-01
3.459375e+04	3.995311e-01
3.464062e+04	3.768232e-01
3.468750e+04	3.598023e-01
3.473438e+04	3.549053e-01
3.478125e+04	3.493873e-01
3.482812e+04	3.548967e-01
3.487500e+04	3.604100e-01
3.492188e+04	3.801258e-01
3.496875e+04	4.037136e-01
3.501562e+04	4.546649e-01
3.506250e+04	5.282858e-01
3.510938e+04	6.930254e-01
3.515625e+04	1.011597e+00
3.520312e+04	2.236899e+00
3.525000e+04	5.260116e+00
3.529688e+04	1.987849e-01
3.534375e+04	1.336790e-01
3.539062e+04	2.142062e-01
3.543750e+04	2.361703e-01
3.548438e+04	2.493034e-01
3.553125e+04	2.562759e-01
3.557812e+04	2.651916e-01
3.562500e+04	2.739517e-01
3.567188e+04	2.865434e-01
3.571875e+04	3.009939e-01
3.576562e+04	3.208118e-01
3.581250e+04	3.483760e-01
3.585938e+04	3.867225e-01
3.590625e+04	4.515245e-01
3.595312e+04	5.530150e-01
3.600000e+04	7.796313e-01
3.604688e+04	1.300091e+00
3.609375e+04	4.067602e+00
3.614062e+04	4.576382e+00
3.618750e+04	9.272451e-01
3.623438e+04	3.993223e-01
3.628125e+04	1.865166e-01
3.632812e+04	1.026166e-01
3.637500e+04	5.691090e-02
3.642188e+04	4.269039e-02
3.646875e+04	5.668247e-02
3.651562e+04	6.305511e-02
3.656250e+04	8.315270e-02
3.660938e+04	9.210612e-02
3.665625e+04	1.119493e-01
3.670312e+04	1.290870e-01
3.675000e+04	1.561534e-01
3.679688e+04	2.002068e-01
3.684375e+04	2.700307e-01
3.689062e+04	4.601158e-01
3.693750e+04	9.740077e-01
3.698438e+04	5.795537e+00
3.703125e+04	3.371376e+00
3.707812e+04	1.217915e+00
3.712500e+04	7.490202e-01
3.717188e+04	5.272401e-01
3.721875e+04	4.242721e-01
3.726562e+04	3.565680e-01
3.731250e+04	3.154528e-01
3.735938e+04	2.872964e-01
3.740625e+04	2.640932e-01
3.745312e+04	2.524739e-01
3.750000e+04	2.367511e-01
3.754688e+04	2.353227e-01
3.759375e+04	2.243670e-01
3.764062e+04	2.363357e-01
3.768750e+04	2.342735e-01
3.773438e+04	2.708048e-01
3.778125e+04	2.583970e-01
3.782812e+04	3.051268e-01
3.787500e+04	7.066753e+00
3.792188e+04	1.847784e+00
3.796875e+04	1.028771e+00
3.801562e+04	7.858468e-01
3.806250e+04	6.435278e-01
3.810938e+04	5.684174e-01
3.815625e+04	5.212476e-01
3.820312e+04	4.893713e-01
3.825000e+04	4.749910e-01
3.829688e+04	4.614482e-01
3.834375e+04	4.653404e-01
3.839062e+04	4.663797e-01
3.843750e+04	4.896350e-01
3.848438e+04	5.121809e-01
3.853125e+04	5.727660e-01
3.857812e+04	6.494647e-01
3.862500e+04	8.299076e-01
3.867188e+04	1.133538e+00
3.871875e+04	2.194718e+00
3.876562e+04	7.606314e+00
3.881250e+04	2.774908e-01
3.885938e+04	4.408591e-01
3.890625e+04	4.700806e-01
3.895312e+04	4.527651e-01
3.900000e+04	4.421764e-01
3.904688e+04	4.363879e-01
3.909375e+04	4.351220e-01
3.914062e+04	4.425502e-01
3.918750e+04	4.514096e-01
3.923438e+04	4.718424e-01
3.928125e+04	4.949560e-01
3.932812e+04	5.361638e-01
3.937500e+04	5.886928e-01
3.942188e+04	6.831663e-01
3.946875e+04	8.252837e-01
3.951562e+04	1.133800e+00
3.956250e+04	1.793127e+00
3.960938e+04	4.804005e+00
3.965625e+04	7.263052e+00
3.970312e+04	1.047190e+00
3.975000e+04	3.520435e-01
3.979688e+04	9.391929e-02
3.984375e+04	1.687553e-02
3.989062e+04	7.863450e-02
3.993750e+04	1.130002e-01
3.998438e+04	1.497003e-01
4.003125e+04	1.722659e-01
4.007812e+04	2.028510e-01
4.012500e+04	2.269917e-01
4.017188e+04	2.615870e-01
4.021875e+04	2.992972e-01
4.026562e+04	3.542630e-01
4.031250e+04	4.404947e-01
4.035938e+04	5.813000e-01
4.040625e+04	9.140931e-01
4.045312e+04	1.755951e+00
4.050000e+04	7.702835e+00
4.054688e+04	6.029382e+00
4.059375e+04	1.832238e+00
4.064062e+04	1.037957e+00
4.068750e+04	6.848964e-01
4.073438e+04	5.306441e-01
4.078125e+04	4.261584e-01
4.082812e+04	3.695293e-01
4.087500e+04	3.230799e-01
4.092188e+04	2.925377e-01
4.096875e+04	2.672351e-01
4.101562e+04	2.430380e-01
4.106250e+04	2.284339e-01
4.110938e+04	2.027894e-01
4.115625e+04	1.938655e-01
4.120312e+04	1.550280e-01
4.125000e+04	1.414559e-01
4.129688e+04	8.653543e-02
4.134375e+04	6.167259e-01
4.139062e+04	1.043760e+01
4.143750e+04	4.031315e+00
4.148438e+04	1.890939e+00
4.153125e+04	1.334018e+00
4.157812e+04	1.034426e+00
4.162500e+04	8.923715e-01
4.167188e+04	7.946263e-01
4.171875e+04	7.401930e-01
4.176562e+04	7.034983e-01
4.181250e+04	6.811359e-01
4.185938e+04	6.760922e-01
4.190625e+04	6.735147e-01
4.195312e+04	6.969302e-01
4.200000e+04	7.195448e-01
4.204688e+04	7.905930e-01
4.209375e+04	8.712852e-01
4.214062e+04	1.071311e+00
4.218750e+04	1.340419e+00
4.223438e+04	2.201344e+00
4.228125e+04	1.254338e+01
4.232812e+04	1.536390e+00
4.237500e+04	1.185498e+00
4.242188e+04	1.049964e+00
4.246875e+04	9.262551e-01
4.251562e+04	8.658129e-01
4.256250e+04	8.275008e-01
4.260938e+04	8.081870e-01
4.265625e+04	8.095824e-01
4.270312e+04	8.148084e-01
4.275000e+04	8.459671e-01
4.279688e+04	8.775918e-01
4.284375e+04	9.483010e-01
4.289062e+04	1.028174e+00
4.293750e+04	1.186534e+00
4.298438e+04	1.406141e+00
4.303125e+04	1.883711e+00
4.307812e+04	2.813582e+00
4.312500e+04	6.567938e+00
4.317188e+04	1.360625e+01
4.321875e+04	1.087678e+00
4.326562e+04	1.376887e-01
4.331250e+04	1.875041e-01
4.335938e+04	2.882152e-01
4.340625e+04	3.591419e-01
4.345312e+04	4.024260e-01
4.350000e+04	4.461402e-01
4.354688e+04	4.881318e-01
4.359375e+04	5.329456e-01
4.364062e+04	5.874586e-01
4.368750e+04	6.508501e-01
4.373438e+04	7.398325e-01
4.378125e+04	8.562714e-01
4.382812e+04	1.048955e+00
4.387500e+04	1.352132e+00
4.392188e+04	2.027016e+00
4.396875e+04	3.619320e+00
4.401562e+04	1.273999e+01
4.406250e+04	1.329396e+01
4.410938e+04	3.294547e+00
4.415625e+04	1.700648e+00
4.420312e+04	1.045233e+00
4.425000e+04	7.671747e-01
4.429688e+04	5.880216e-01
4.434375e+04	4.905198e-01
4.439062e+04	4.110800e-01
4.443750e+04	3.586411e-01
4.448438e+04	3.122062e-01
4.453125e+04	2.668757e-01
4.457812e+04	2.341770e-01
4.462500e+04	1.782790e-01
4.467188e+04	1.709747e-01
4.471875e+04	1.795268e-01
4.476562e+04	3.681841e-01
4.481250e+04	9.239117e-01
4.485938e+04	2.605288e+00
4.490625e+04	2.098085e+01
4.495312e+04	1.131903e+01
4.500000e+04	4.582315e+00
4.504688e+04	3.025818e+00
4.509375e+04	2.256558e+00
4.514062e+04	1.915029e+00
4.518750e+04	1.672417e+00
4.523438e+04	1.557905e+00
4.528125e+04	1.458934e+00
4.532812e+04	1.420207e+00
4.537500e+04	1.388692e+00
4.542188e+04	1.390470e+00
4.546875e+04	1.414222e+00
4.551562e+04	1.455730e+00
4.556250e+04	1.558271e+00
4.560938e+04	1.669956e+00
4.565625e+04	1.941845e+00
4.570312e+04	2.122878e+00
4.575000e+04	2.625023e+00
4.579688e+04	3.246756e+01
4.584375e+04	7.284407e+00
4.589062e+04	4.377481e+00
4.593750e+04	3.512476e+00
4.598438e+04	2.945787e+00
4.603125e+04	2.714036e+00
4.607812e+04	2.545070e+00
4.612500e+04	2.502457e+00
4.617188e+04	2.488596e+00
4.621875e+04	2.540105e+00
4.626562e+04	2.635772e+00
4.631250e+04	2.775201e+00
4.635938e+04	3.010667e+00
4.640625e+04	3.300941e+00
4.645312e+04	3.823161e+00
4.650000e+04	4.526066e+00
4.654688e+04	5.987308e+00
4.659375e+04	8.535632e+00
4.664062e+04	1.767323e+01
4.668750e+04	5.275540e+01
4.673438e+04	7.633108e-01
4.678125e+04	1.649522e+00
4.682812e+04	2.263626e+00
4.687500e+04	2.346771e+00
4.692188e+04	2.511250e+00
4.696875e+04	2.641639e+00
4.701562e+04	2.859551e+00
4.706250e+04	3.118431e+00
4.710938e+04	3.450868e+00
4.715625e+04	3.900512e+00
4.720312e+04	4.451522e+00
4.725000e+04	5.276559e+00
4.729688e+04	6.345180e+00
4.734375e+04	8.167612e+00
4.739062e+04	1.093434e+01
4.743750e+04	1.691722e+01
4.748438e+04	3.006482e+01
4.753125e+04	9.428446e+01
4.757812e+04	1.372612e+02
4.762500e+04	2.738194e+01
4.767188e+04	1.358295e+01
4.771875e+04	8.327037e+00
4.776562e+04	6.386426e+00
4.781250e+04	5.152444e+00
4.785938e+04	4.555791e+00
4.790625e+04	4.139834e+00
4.795312e+04	3.943435e+00
