0.000000e+00	5.002726e-14
2.083333e-05	3.662109e-03
4.166667e-05	5.706787e-03
6.250000e-05	9.735107e-03
8.333333e-05	1.205444e-02
1.041667e-04	1.550293e-02
1.250000e-04	1.837158e-02
1.458333e-04	2.108765e-02
1.666667e-04	2.459717e-02
1.875000e-04	2.661133e-02
2.083333e-04	3.057861e-02
2.291667e-04	3.210449e-02
2.500000e-04	3.631592e-02
2.708333e-04	3.768921e-02
2.916667e-04	4.174805e-02
3.125000e-04	4.330444e-02
3.333333e-04	4.687500e-02
3.541667e-04	4.898071e-02
3.750000e-04	5.178833e-02
3.958333e-04	5.462646e-02
4.166667e-04	5.657959e-02
4.375000e-04	6.011963e-02
4.583333e-04	6.134033e-02
4.791667e-04	6.536865e-02
5.000000e-04	6.616211e-02
5.208333e-04	7.034302e-02
5.416667e-04	7.110596e-02
5.625000e-04	7.495117e-02
5.833333e-04	7.617188e-02
6.041667e-04	7.928467e-02
6.250000e-04	8.132935e-02
6.458333e-04	8.334351e-02
6.666667e-04	8.645630e-02
6.875000e-04	8.731079e-02
7.083333e-04	9.146118e-02
7.291667e-04	9.133911e-02
7.500000e-04	9.613037e-02
7.708333e-04	9.552002e-02
7.916667e-04	1.004028e-01
8.125000e-04	1.000061e-01
8.333333e-04	1.041870e-01
8.541667e-04	1.047974e-01
8.750000e-04	1.074219e-01
8.958333e-04	1.099548e-01
9.166667e-04	1.102295e-01
9.375000e-04	1.152954e-01
9.583333e-04	1.127625e-01
9.791667e-04	1.206970e-01
1.000000e-03	1.151428e-01
1.020833e-03	1.259460e-01
1.041667e-03	1.176453e-01
1.062500e-03	1.308594e-01
1.083333e-03	1.202087e-01
1.104167e-03	1.362915e-01
1.125000e-03	1.137695e-01
1.145833e-03	-1.002197e-01
1.166667e-03	-1.467590e-01
1.187500e-03	-1.262512e-01
1.208333e-03	-1.454163e-01
1.229167e-03	-1.323853e-01
1.250000e-03	-1.466370e-01
1.270833e-03	-1.378174e-01
1.291667e-03	-1.479187e-01
1.312500e-03	-1.431885e-01
1.333333e-03	-1.492004e-01
1.354167e-03	-1.483459e-01
1.375000e-03	-1.506348e-01
1.395833e-03	-1.531067e-01
1.416667e-03	-1.524048e-01
1.437500e-03	-1.573181e-01
1.458333e-03	-1.546936e-01
1.479167e-03	-1.608582e-01
1.500000e-03	-1.575317e-01
1.520833e-03	-1.636963e-01
1.541667e-03	-1.609192e-01
1.562500e-03	-1.659241e-01
1.583333e-03	-1.646729e-01
1.604167e-03	-1.677551e-01
1.625000e-03	-1.686096e-01
1.645833e-03	-1.694336e-01
1.666667e-03	-1.724854e-01
1.687500e-03	-1.712036e-01
1.708333e-03	-1.760254e-01
1.729167e-03	-1.732788e-01
1.750000e-03	-1.790161e-01
1.770833e-03	-1.758423e-01
1.791667e-03	-1.813965e-01
1.812500e-03	-1.789551e-01
1.833333e-03	-1.831665e-01
1.854167e-03	-1.824951e-01
1.875000e-03	-1.844482e-01
1.895833e-03	-1.863403e-01
1.916667e-03	-1.854858e-01
1.937500e-03	-1.901550e-01
1.958333e-03	-1.865540e-01
1.979167e-03	-1.936646e-01
2.000000e-03	-1.880493e-01
2.020833e-03	-1.964722e-01
2.041667e-03	-1.902771e-01
2.062500e-03	-1.983337e-01
2.083333e-03	-1.935120e-01
2.104167e-03	-1.989136e-01
2.125000e-03	-1.980896e-01
2.145833e-03	-1.979370e-01
2.166667e-03	-2.044067e-01
2.187500e-03	-1.945496e-01
2.208333e-03	-2.142334e-01
2.229167e-03	-1.845703e-01
2.250000e-03	-2.413635e-01
2.270833e-03	-3.417969e-02
2.291667e-03	2.374268e-01
2.312500e-03	1.942139e-01
2.333333e-03	2.149353e-01
2.354167e-03	2.075806e-01
2.375000e-03	2.099915e-01
2.395833e-03	2.141113e-01
2.416667e-03	2.088013e-01
2.437500e-03	2.180176e-01
2.458333e-03	2.095032e-01
2.479167e-03	2.202759e-01
2.500000e-03	2.115784e-01
2.520833e-03	2.213135e-01
2.541667e-03	2.145386e-01
2.562500e-03	2.216187e-01
2.583333e-03	2.179871e-01
2.604167e-03	2.215271e-01
2.625000e-03	2.215576e-01
2.645833e-03	2.214661e-01
2.666667e-03	2.248230e-01
2.687500e-03	2.217712e-01
2.708333e-03	2.275085e-01
2.729167e-03	2.227173e-01
2.750000e-03	2.294312e-01
2.770833e-03	2.243958e-01
2.791667e-03	2.305603e-01
2.812500e-03	2.267456e-01
2.833333e-03	2.310486e-01
2.854167e-03	2.295837e-01
2.875000e-03	2.311096e-01
2.895833e-03	2.326050e-01
2.916667e-03	2.310791e-01
2.937500e-03	2.354736e-01
2.958333e-03	2.313232e-01
2.979167e-03	2.378540e-01
3.000000e-03	2.321472e-01
3.020833e-03	2.394714e-01
3.041667e-03	2.337646e-01
3.062500e-03	2.401733e-01
3.083333e-03	2.362366e-01
3.104167e-03	2.400208e-01
3.125000e-03	2.394714e-01
3.145833e-03	2.391052e-01
3.166667e-03	2.432251e-01
3.187500e-03	2.378235e-01
3.208333e-03	2.471008e-01
3.229167e-03	2.366028e-01
3.250000e-03	2.506409e-01
3.270833e-03	2.359009e-01
3.291667e-03	2.533264e-01
3.312500e-03	2.363586e-01
3.333333e-03	2.543945e-01
3.354167e-03	2.388000e-01
3.375000e-03	2.529297e-01
3.395833e-03	2.401123e-01
3.416667e-03	-1.557312e-01
3.437500e-03	-2.806091e-01
3.458333e-03	-2.282715e-01
3.479167e-03	-2.659607e-01
3.500000e-03	-2.377625e-01
3.520833e-03	-2.608948e-01
3.541667e-03	-2.440491e-01
3.562500e-03	-2.573242e-01
3.583333e-03	-2.493591e-01
3.604167e-03	-2.545471e-01
3.625000e-03	-2.538147e-01
3.645833e-03	-2.526550e-01
3.666667e-03	-2.572327e-01
3.687500e-03	-2.518005e-01
3.708333e-03	-2.595215e-01
3.729167e-03	-2.520752e-01
3.750000e-03	-2.606812e-01
3.770833e-03	-2.533875e-01
3.791667e-03	-2.608337e-01
3.812500e-03	-2.554932e-01
3.833333e-03	-2.602844e-01
3.854167e-03	-2.581177e-01
3.875000e-03	-2.594299e-01
3.895833e-03	-2.608032e-01
3.916667e-03	-2.586670e-01
3.937500e-03	-2.631531e-01
3.958333e-03	-2.583313e-01
3.979167e-03	-2.648926e-01
4.000000e-03	-2.587585e-01
4.020833e-03	-2.657776e-01
4.041667e-03	-2.599792e-01
4.062500e-03	-2.658081e-01
4.083333e-03	-2.619934e-01
4.104167e-03	-2.651367e-01
4.125000e-03	-2.645569e-01
4.145833e-03	-2.640381e-01
4.166667e-03	-2.672729e-01
4.187500e-03	-2.629395e-01
4.208333e-03	-2.697754e-01
4.229167e-03	-2.622986e-01
4.250000e-03	-2.715759e-01
4.270833e-03	-2.624817e-01
4.291667e-03	-2.722778e-01
4.312500e-03	-2.639160e-01
4.333333e-03	-2.716370e-01
4.354167e-03	-2.667847e-01
4.375000e-03	-2.694092e-01
4.395833e-03	-2.713013e-01
4.416667e-03	-2.653503e-01
4.437500e-03	-2.778320e-01
4.458333e-03	-2.587280e-01
4.479167e-03	-2.882385e-01
4.500000e-03	-2.447510e-01
4.520833e-03	-3.183594e-01
4.541667e-03	-8.926392e-02
4.562500e-03	3.014221e-01
4.583333e-03	2.614441e-01
4.604167e-03	2.758179e-01
4.625000e-03	2.744446e-01
4.645833e-03	2.692871e-01
4.666667e-03	2.794800e-01
4.687500e-03	2.672729e-01
4.708333e-03	2.813721e-01
4.729167e-03	2.676086e-01
4.750000e-03	2.814026e-01
4.770833e-03	2.694397e-01
4.791667e-03	2.802124e-01
4.812500e-03	2.721558e-01
4.833333e-03	2.784119e-01
4.854167e-03	2.752075e-01
4.875000e-03	2.765198e-01
4.895833e-03	2.780457e-01
4.916667e-03	2.750549e-01
4.937500e-03	2.802734e-01
4.958333e-03	2.742920e-01
4.979167e-03	2.816162e-01
5.000000e-03	2.744751e-01
5.020833e-03	2.819824e-01
5.041667e-03	2.756042e-01
5.062500e-03	2.814941e-01
5.083333e-03	2.774353e-01
5.104167e-03	2.803955e-01
5.125000e-03	2.797241e-01
5.145833e-03	2.790222e-01
5.166667e-03	2.819824e-01
5.187500e-03	2.778625e-01
5.208333e-03	2.838440e-01
5.229167e-03	2.772522e-01
5.250000e-03	2.849731e-01
5.270833e-03	2.775269e-01
5.291667e-03	2.851257e-01
5.312500e-03	2.787781e-01
5.333333e-03	2.842712e-01
5.354167e-03	2.810059e-01
5.375000e-03	2.825317e-01
5.395833e-03	2.838745e-01
5.416667e-03	2.803040e-01
5.437500e-03	2.870483e-01
5.458333e-03	2.780151e-01
5.479167e-03	2.900085e-01
5.500000e-03	2.762451e-01
5.520833e-03	2.920837e-01
5.541667e-03	2.756348e-01
5.562500e-03	2.926025e-01
5.583333e-03	2.770081e-01
5.604167e-03	2.904663e-01
5.625000e-03	2.821655e-01
5.645833e-03	2.821655e-01
5.666667e-03	2.990112e-01
5.687500e-03	-1.379395e-01
5.708333e-03	-3.298340e-01
5.729167e-03	-2.589417e-01
5.750000e-03	-3.050537e-01
5.770833e-03	-2.722168e-01
5.791667e-03	-2.964478e-01
5.812500e-03	-2.796631e-01
5.833333e-03	-2.908325e-01
5.854167e-03	-2.851257e-01
5.875000e-03	-2.868042e-01
5.895833e-03	-2.890930e-01
5.916667e-03	-2.842102e-01
5.937500e-03	-2.916260e-01
5.958333e-03	-2.830811e-01
5.979167e-03	-2.927246e-01
6.000000e-03	-2.832642e-01
6.020833e-03	-2.925720e-01
6.041667e-03	-2.845764e-01
6.062500e-03	-2.914429e-01
6.083333e-03	-2.866211e-01
6.104167e-03	-2.897949e-01
6.125000e-03	-2.889709e-01
6.145833e-03	-2.880554e-01
6.166667e-03	-2.911377e-01
6.187500e-03	-2.867126e-01
6.208333e-03	-2.927246e-01
6.229167e-03	-2.861023e-01
6.250000e-03	-2.934875e-01
6.270833e-03	-2.863770e-01
6.291667e-03	-2.933044e-01
6.312500e-03	-2.875366e-01
6.333333e-03	-2.922668e-01
6.354167e-03	-2.894592e-01
6.375000e-03	-2.906189e-01
6.395833e-03	-2.917480e-01
6.416667e-03	-2.888184e-01
6.437500e-03	-2.939758e-01
6.458333e-03	-2.873230e-01
6.479167e-03	-2.956543e-01
6.500000e-03	-2.865601e-01
6.520833e-03	-2.963867e-01
6.541667e-03	-2.868958e-01
6.562500e-03	-2.958679e-01
6.583333e-03	-2.886353e-01
6.604167e-03	-2.938843e-01
6.625000e-03	-2.918396e-01
6.645833e-03	-2.904053e-01
6.666667e-03	-2.965088e-01
6.687500e-03	-2.854004e-01
6.708333e-03	-3.028259e-01
6.729167e-03	-2.783508e-01
6.750000e-03	-3.122253e-01
6.770833e-03	-2.652893e-01
6.791667e-03	-3.382568e-01
6.812500e-03	-1.416016e-01
6.833333e-03	3.072815e-01
6.854167e-03	2.902527e-01
6.875000e-03	2.905579e-01
6.895833e-03	2.994080e-01
6.916667e-03	2.858276e-01
6.937500e-03	3.022156e-01
6.958333e-03	2.849731e-01
6.979167e-03	3.022766e-01
7.000000e-03	2.861938e-01
7.020833e-03	3.007507e-01
7.041667e-03	2.886353e-01
7.062500e-03	2.983398e-01
7.083333e-03	2.916260e-01
7.104167e-03	2.956543e-01
7.125000e-03	2.945862e-01
7.145833e-03	2.932739e-01
7.166667e-03	2.969971e-01
7.187500e-03	2.915955e-01
7.208333e-03	2.985535e-01
7.229167e-03	2.909241e-01
7.250000e-03	2.990417e-01
7.270833e-03	2.912903e-01
7.291667e-03	2.985229e-01
7.312500e-03	2.925415e-01
7.333333e-03	2.972412e-01
7.354167e-03	2.944336e-01
7.375000e-03	2.955017e-01
7.395833e-03	2.965393e-01
7.416667e-03	2.937622e-01
7.437500e-03	2.984009e-01
7.458333e-03	2.924805e-01
7.479167e-03	2.996216e-01
7.500000e-03	2.919922e-01
7.520833e-03	2.999573e-01
7.541667e-03	2.924805e-01
7.562500e-03	2.992249e-01
7.583333e-03	2.940063e-01
7.604167e-03	2.975769e-01
7.625000e-03	2.963257e-01
7.645833e-03	2.952576e-01
7.666667e-03	2.990723e-01
7.687500e-03	2.927246e-01
7.708333e-03	3.017883e-01
7.729167e-03	2.905273e-01
7.750000e-03	3.038330e-01
7.770833e-03	2.893066e-01
7.791667e-03	3.045959e-01
7.812500e-03	2.897034e-01
7.833333e-03	3.033142e-01
7.854167e-03	2.926636e-01
7.875000e-03	2.986450e-01
7.895833e-03	3.005676e-01
7.916667e-03	2.853088e-01
7.937500e-03	3.293762e-01
7.958333e-03	-9.765625e-02
7.979167e-03	-3.488464e-01
8.000000e-03	-2.685547e-01
8.020833e-03	-3.167419e-01
8.041667e-03	-2.847290e-01
8.062500e-03	-3.061829e-01
8.083333e-03	-2.928772e-01
8.104167e-03	-2.998657e-01
8.125000e-03	-2.982178e-01
8.145833e-03	-2.957764e-01
8.166667e-03	-3.016052e-01
8.187500e-03	-2.934875e-01
8.208333e-03	-3.032532e-01
8.229167e-03	-2.928162e-01
8.250000e-03	-3.034058e-01
8.270833e-03	-2.935181e-01
8.291667e-03	-3.023682e-01
8.312500e-03	-2.951965e-01
8.333333e-03	-3.005676e-01
8.354167e-03	-2.973938e-01
8.375000e-03	-2.984619e-01
8.395833e-03	-2.996216e-01
8.416667e-03	-2.966003e-01
8.437500e-03	-3.014221e-01
8.458333e-03	-2.953491e-01
8.479167e-03	-3.024597e-01
8.500000e-03	-2.949829e-01
8.520833e-03	-3.025208e-01
8.541667e-03	-2.955933e-01
8.562500e-03	-3.016357e-01
8.583333e-03	-2.970276e-01
8.604167e-03	-3.000488e-01
8.625000e-03	-2.990417e-01
8.645833e-03	-2.980652e-01
8.666667e-03	-3.011780e-01
8.687500e-03	-2.962036e-01
8.708333e-03	-3.029785e-01
8.729167e-03	-2.948914e-01
8.750000e-03	-3.040161e-01
8.770833e-03	-2.945557e-01
8.791667e-03	-3.038940e-01
8.812500e-03	-2.954712e-01
8.833333e-03	-3.024902e-01
8.854167e-03	-2.977295e-01
8.875000e-03	-2.997131e-01
8.895833e-03	-3.012390e-01
8.916667e-03	-2.957764e-01
8.937500e-03	-3.058777e-01
8.958333e-03	-2.907715e-01
8.979167e-03	-3.115540e-01
9.000000e-03	-2.845764e-01
9.020833e-03	-3.190613e-01
9.041667e-03	-2.744751e-01
9.062500e-03	-3.382263e-01
9.083333e-03	-1.881409e-01
9.104167e-03	2.908325e-01
9.125000e-03	3.070679e-01
9.145833e-03	2.906799e-01
9.166667e-03	3.104553e-01
9.187500e-03	2.891541e-01
9.208333e-03	3.106995e-01
9.229167e-03	2.901001e-01
9.250000e-03	3.090515e-01
9.270833e-03	2.925110e-01
9.291667e-03	3.063354e-01
9.312500e-03	2.956543e-01
9.333333e-03	3.031616e-01
9.354167e-03	2.988892e-01
9.375000e-03	3.001709e-01
9.395833e-03	3.017273e-01
9.416667e-03	2.978516e-01
9.437500e-03	3.037415e-01
9.458333e-03	2.964783e-01
9.479167e-03	3.046570e-01
9.500000e-03	2.962341e-01
9.520833e-03	3.044739e-01
9.541667e-03	2.970276e-01
9.562500e-03	3.033447e-01
9.583333e-03	2.986145e-01
9.604167e-03	3.015747e-01
9.625000e-03	3.006287e-01
9.645833e-03	2.996521e-01
9.666667e-03	3.025818e-01
9.687500e-03	2.979736e-01
9.708333e-03	3.040466e-01
9.729167e-03	2.969666e-01
9.750000e-03	3.047180e-01
9.770833e-03	2.969055e-01
9.791667e-03	3.043823e-01
9.812500e-03	2.978516e-01
9.833333e-03	3.030701e-01
9.854167e-03	2.996826e-01
9.875000e-03	3.009644e-01
9.895833e-03	3.021240e-01
9.916667e-03	2.984924e-01
9.937500e-03	3.046875e-01
9.958333e-03	2.961731e-01
9.979167e-03	3.068237e-01
1.000000e-02	2.965393e-01
1.002083e-02	3.099060e-01
1.004167e-02	2.959595e-01
1.006250e-02	3.092041e-01
1.008333e-02	2.973022e-01
1.010417e-02	3.061523e-01
1.012500e-02	3.015442e-01
1.014583e-02	2.993469e-01
1.016667e-02	3.113098e-01
1.018750e-02	2.825012e-01
1.020833e-02	3.468933e-01
1.022917e-02	-5.014038e-02
1.025000e-02	-3.559265e-01
1.027083e-02	-2.734375e-01
1.029167e-02	-3.188782e-01
1.031250e-02	-2.909851e-01
1.033333e-02	-3.072815e-01
1.035417e-02	-2.990417e-01
1.037500e-02	-3.007812e-01
1.039583e-02	-3.036499e-01
1.041667e-02	-2.969666e-01
1.043750e-02	-3.059998e-01
1.045833e-02	-2.951660e-01
1.047917e-02	-3.065186e-01
1.050000e-02	-2.950134e-01
1.052083e-02	-3.055725e-01
1.054167e-02	-2.961121e-01
1.056250e-02	-3.036194e-01
1.058333e-02	-2.979431e-01
1.060417e-02	-3.011780e-01
1.062500e-02	-3.000183e-01
1.064583e-02	-2.987671e-01
1.066667e-02	-3.018494e-01
1.068750e-02	-2.968445e-01
1.070833e-02	-3.029785e-01
1.072917e-02	-2.957153e-01
1.075000e-02	-3.032227e-01
1.077083e-02	-2.955933e-01
1.079167e-02	-3.024597e-01
1.081250e-02	-2.963562e-01
1.083333e-02	-3.008728e-01
1.085417e-02	-2.978516e-01
1.087500e-02	-2.987671e-01
1.089583e-02	-2.996521e-01
1.091667e-02	-2.965698e-01
1.093750e-02	-3.013306e-01
1.095833e-02	-2.947083e-01
1.097917e-02	-3.024292e-01
1.100000e-02	-2.936401e-01
1.102083e-02	-3.025818e-01
1.104167e-02	-2.936707e-01
1.106250e-02	-3.015137e-01
1.108333e-02	-2.949524e-01
1.110417e-02	-2.992554e-01
1.112500e-02	-2.973633e-01
1.114583e-02	-2.958984e-01
1.116667e-02	-3.007812e-01
1.118750e-02	-2.917480e-01
1.120833e-02	-3.047791e-01
1.122917e-02	-2.871704e-01
1.125000e-02	-3.090820e-01
1.127083e-02	-2.823181e-01
1.129167e-02	-3.138733e-01
1.131250e-02	-2.758789e-01
1.133333e-02	-3.248291e-01
1.135417e-02	-2.247009e-01
1.137500e-02	2.585754e-01
1.139583e-02	3.139343e-01
1.141667e-02	2.808228e-01
1.143750e-02	3.101196e-01
1.145833e-02	2.828979e-01
1.147917e-02	3.074646e-01
1.150000e-02	2.855225e-01
1.152083e-02	3.041077e-01
1.154167e-02	2.887573e-01
1.156250e-02	3.002930e-01
1.158333e-02	2.921753e-01
1.160417e-02	2.966309e-01
1.162500e-02	2.952271e-01
1.164583e-02	2.935181e-01
1.166667e-02	2.974854e-01
1.168750e-02	2.913513e-01
1.170833e-02	2.987061e-01
1.172917e-02	2.903137e-01
1.175000e-02	2.987671e-01
1.177083e-02	2.904053e-01
1.179167e-02	2.977905e-01
1.181250e-02	2.914124e-01
1.183333e-02	2.960205e-01
1.185417e-02	2.930298e-01
1.187500e-02	2.938843e-01
1.189583e-02	2.947693e-01
1.191667e-02	2.918396e-01
1.193750e-02	2.962341e-01
1.195833e-02	2.902527e-01
1.197917e-02	2.970581e-01
1.200000e-02	2.895203e-01
1.202083e-02	2.969360e-01
1.204167e-02	2.897034e-01
1.206250e-02	2.958679e-01
1.208333e-02	2.908325e-01
1.210417e-02	2.939453e-01
1.212500e-02	2.926636e-01
1.214583e-02	2.915344e-01
1.216667e-02	2.947998e-01
1.218750e-02	2.890320e-01
1.220833e-02	2.967529e-01
1.222917e-02	2.869873e-01
1.225000e-02	2.979736e-01
1.227083e-02	2.859497e-01
1.229167e-02	2.979431e-01
1.231250e-02	2.863770e-01
1.233333e-02	2.962036e-01
1.235417e-02	2.887878e-01
1.237500e-02	2.921448e-01
1.239583e-02	2.939758e-01
1.241667e-02	2.844849e-01
1.243750e-02	3.045349e-01
1.245833e-02	2.669678e-01
1.247917e-02	3.410645e-01
1.250000e-02	-3.051758e-05
1.252083e-02	-3.408813e-01
1.254167e-02	-2.666626e-01
1.256250e-02	-3.039551e-01
1.258333e-02	-2.837830e-01
1.260417e-02	-2.930298e-01
1.262500e-02	-2.910156e-01
1.264583e-02	-2.874756e-01
1.266667e-02	-2.946472e-01
1.268750e-02	-2.846985e-01
1.270833e-02	-2.959900e-01
1.272917e-02	-2.838745e-01
1.275000e-02	-2.956238e-01
1.277083e-02	-2.845459e-01
1.279167e-02	-2.940063e-01
1.281250e-02	-2.861938e-01
1.283333e-02	-2.917175e-01
1.285417e-02	-2.882690e-01
1.287500e-02	-2.892151e-01
1.289583e-02	-2.902832e-01
1.291667e-02	-2.870178e-01
1.293750e-02	-2.917786e-01
1.295833e-02	-2.855225e-01
1.297917e-02	-2.924500e-01
1.300000e-02	-2.849426e-01
1.302083e-02	-2.921753e-01
1.304167e-02	-2.853088e-01
1.306250e-02	-2.910156e-01
1.308333e-02	-2.864685e-01
1.310417e-02	-2.891846e-01
1.312500e-02	-2.881165e-01
1.314583e-02	-2.870789e-01
1.316667e-02	-2.898254e-01
1.318750e-02	-2.851257e-01
1.320833e-02	-2.911377e-01
1.322917e-02	-2.837524e-01
1.325000e-02	-2.917175e-01
1.327083e-02	-2.832642e-01
1.329167e-02	-2.912903e-01
1.331250e-02	-2.839050e-01
1.333333e-02	-2.897034e-01
1.335417e-02	-2.856445e-01
1.337500e-02	-2.871094e-01
1.339583e-02	-2.882690e-01
1.341667e-02	-2.837524e-01
1.343750e-02	-2.914734e-01
1.345833e-02	-2.800903e-01
1.347917e-02	-2.947693e-01
1.350000e-02	-2.765808e-01
1.352083e-02	-2.976379e-01
1.354167e-02	-2.736816e-01
1.356250e-02	-2.998047e-01
1.358333e-02	-2.713013e-01
1.360417e-02	-3.031006e-01
1.362500e-02	-2.494812e-01
1.364583e-02	2.165833e-01
1.366667e-02	3.129272e-01
1.368750e-02	2.655945e-01
1.370833e-02	3.019714e-01
1.372917e-02	2.714233e-01
1.375000e-02	2.969360e-01
1.377083e-02	2.756958e-01
1.379167e-02	2.924194e-01
1.381250e-02	2.797241e-01
1.383333e-02	2.882080e-01
1.385417e-02	2.833252e-01
1.387500e-02	2.845764e-01
1.389583e-02	2.861633e-01
1.391667e-02	2.818604e-01
1.393750e-02	2.879639e-01
1.395833e-02	2.802734e-01
1.397917e-02	2.885742e-01
1.400000e-02	2.798767e-01
1.402083e-02	2.880554e-01
1.404167e-02	2.805176e-01
1.406250e-02	2.866211e-01
1.408333e-02	2.819214e-01
1.410417e-02	2.846680e-01
1.412500e-02	2.836304e-01
1.414583e-02	2.825623e-01
1.416667e-02	2.852478e-01
1.418750e-02	2.807922e-01
1.420833e-02	2.863770e-01
1.422917e-02	2.796631e-01
1.425000e-02	2.866821e-01
1.427083e-02	2.794189e-01
1.429167e-02	2.861023e-01
1.431250e-02	2.801208e-01
1.433333e-02	2.846375e-01
1.435417e-02	2.815552e-01
1.437500e-02	2.825623e-01
1.439583e-02	2.834473e-01
1.441667e-02	2.802429e-01
1.443750e-02	2.853699e-01
1.445833e-02	2.781372e-01
1.447917e-02	2.868042e-01
1.450000e-02	2.767334e-01
1.452083e-02	2.873230e-01
1.454167e-02	2.765198e-01
1.456250e-02	2.864380e-01
1.458333e-02	2.778320e-01
1.460417e-02	2.838745e-01
1.462500e-02	2.810059e-01
1.464583e-02	2.792053e-01
1.466667e-02	2.867126e-01
1.468750e-02	2.713318e-01
1.470833e-02	2.971191e-01
1.472917e-02	2.546082e-01
1.475000e-02	3.312073e-01
1.477083e-02	4.660034e-02
1.479167e-02	-3.224487e-01
1.481250e-02	-2.624207e-01
1.483333e-02	-2.889709e-01
1.485417e-02	-2.776794e-01
1.487500e-02	-2.795410e-01
1.489583e-02	-2.836304e-01
1.491667e-02	-2.752380e-01
1.493750e-02	-2.860718e-01
1.495833e-02	-2.736206e-01
1.497917e-02	-2.863464e-01
1.500000e-02	-2.738037e-01
1.502083e-02	-2.851563e-01
1.504167e-02	-2.751770e-01
1.506250e-02	-2.830200e-01
1.508333e-02	-2.772217e-01
1.510417e-02	-2.804871e-01
1.512500e-02	-2.793884e-01
1.514583e-02	-2.781067e-01
1.516667e-02	-2.811890e-01
1.518750e-02	-2.762756e-01
1.520833e-02	-2.822571e-01
1.522917e-02	-2.752686e-01
1.525000e-02	-2.824402e-01
1.527083e-02	-2.752075e-01
1.529167e-02	-2.817078e-01
1.531250e-02	-2.760010e-01
1.533333e-02	-2.802124e-01
1.535417e-02	-2.774353e-01
1.537500e-02	-2.782593e-01
1.539583e-02	-2.790833e-01
1.541667e-02	-2.762756e-01
1.543750e-02	-2.805786e-01
1.545833e-02	-2.746887e-01
1.547917e-02	-2.814941e-01
1.550000e-02	-2.738342e-01
1.552083e-02	-2.815247e-01
1.554167e-02	-2.739258e-01
1.556250e-02	-2.805481e-01
1.558333e-02	-2.750549e-01
1.560417e-02	-2.785950e-01
1.562500e-02	-2.770996e-01
1.564583e-02	-2.758484e-01
1.566667e-02	-2.797546e-01
1.568750e-02	-2.727356e-01
1.570833e-02	-2.825317e-01
1.572917e-02	-2.697144e-01
1.575000e-02	-2.849121e-01
1.577083e-02	-2.673950e-01
1.579167e-02	-2.863159e-01
1.581250e-02	-2.664185e-01
1.583333e-02	-2.859802e-01
1.585417e-02	-2.677002e-01
1.587500e-02	-2.827454e-01
1.589583e-02	-2.677307e-01
1.591667e-02	1.731262e-01
1.593750e-02	3.111877e-01
1.595833e-02	2.524719e-01
1.597917e-02	2.934265e-01
1.600000e-02	2.616577e-01
1.602083e-02	2.864075e-01
1.604167e-02	2.672729e-01
1.606250e-02	2.810974e-01
1.608333e-02	2.717590e-01
1.610417e-02	2.767334e-01
1.612500e-02	2.752686e-01
1.614583e-02	2.733765e-01
1.616667e-02	2.777100e-01
1.618750e-02	2.712097e-01
1.620833e-02	2.789001e-01
1.622917e-02	2.702942e-01
1.625000e-02	2.789001e-01
1.627083e-02	2.705078e-01
1.629167e-02	2.778625e-01
1.631250e-02	2.716064e-01
1.633333e-02	2.760925e-01
1.635417e-02	2.732239e-01
1.637500e-02	2.740479e-01
1.639583e-02	2.749329e-01
1.641667e-02	2.721252e-01
1.643750e-02	2.763062e-01
1.645833e-02	2.707214e-01
1.647917e-02	2.770081e-01
1.650000e-02	2.700806e-01
1.652083e-02	2.768555e-01
1.654167e-02	2.703247e-01
1.656250e-02	2.758484e-01
1.658333e-02	2.713928e-01
1.660417e-02	2.741089e-01
1.662500e-02	2.730103e-01
1.664583e-02	2.720032e-01
1.666667e-02	2.748413e-01
1.668750e-02	2.698975e-01
1.670833e-02	2.764282e-01
1.672917e-02	2.682800e-01
1.675000e-02	2.773132e-01
1.677083e-02	2.675781e-01
1.679167e-02	2.770996e-01
1.681250e-02	2.681274e-01
1.683333e-02	2.755127e-01
1.685417e-02	2.701416e-01
1.687500e-02	2.723389e-01
1.689583e-02	2.738037e-01
1.691667e-02	2.673950e-01
1.693750e-02	2.795105e-01
1.695833e-02	2.598877e-01
1.697917e-02	2.890625e-01
1.700000e-02	2.450867e-01
1.702083e-02	3.182983e-01
1.704167e-02	8.908081e-02
1.706250e-02	-3.005371e-01
1.708333e-02	-2.602844e-01
1.710417e-02	-2.742004e-01
1.712500e-02	-2.724304e-01
1.714583e-02	-2.669373e-01
1.716667e-02	-2.766418e-01
1.718750e-02	-2.641907e-01
1.720833e-02	-2.777405e-01
1.722917e-02	-2.637634e-01
1.725000e-02	-2.770081e-01
1.727083e-02	-2.648621e-01
1.729167e-02	-2.750854e-01
1.731250e-02	-2.667847e-01
1.733333e-02	-2.725830e-01
1.735417e-02	-2.690735e-01
1.737500e-02	-2.700195e-01
1.739583e-02	-2.711487e-01
1.741667e-02	-2.678833e-01
1.743750e-02	-2.726135e-01
1.745833e-02	-2.664795e-01
1.747917e-02	-2.732239e-01
1.750000e-02	-2.659912e-01
1.752083e-02	-2.729187e-01
1.754167e-02	-2.664185e-01
1.756250e-02	-2.717896e-01
1.758333e-02	-2.675476e-01
1.760417e-02	-2.700806e-01
1.762500e-02	-2.691040e-01
1.764583e-02	-2.681274e-01
1.766667e-02	-2.706604e-01
1.768750e-02	-2.663879e-01
1.770833e-02	-2.718201e-01
1.772917e-02	-2.652283e-01
1.775000e-02	-2.722778e-01
1.777083e-02	-2.648926e-01
1.779167e-02	-2.718201e-01
1.781250e-02	-2.655029e-01
1.783333e-02	-2.704163e-01
1.785417e-02	-2.670288e-01
1.787500e-02	-2.682190e-01
1.789583e-02	-2.691956e-01
1.791667e-02	-2.655029e-01
1.793750e-02	-2.716370e-01
1.795833e-02	-2.627869e-01
1.797917e-02	-2.738647e-01
1.800000e-02	-2.605896e-01
1.802083e-02	-2.752686e-01
1.804167e-02	-2.594910e-01
1.806250e-02	-2.752075e-01
1.808333e-02	-2.602844e-01
1.810417e-02	-2.726440e-01
1.812500e-02	-2.646179e-01
1.814583e-02	-2.643433e-01
1.816667e-02	-2.798767e-01
1.818750e-02	1.289368e-01
1.820833e-02	3.080750e-01
1.822917e-02	2.416382e-01
1.825000e-02	2.843933e-01
1.827083e-02	2.535400e-01
1.829167e-02	2.758789e-01
1.831250e-02	2.600098e-01
1.833333e-02	2.701721e-01
1.835417e-02	2.646179e-01
1.837500e-02	2.659302e-01
1.839583e-02	2.678223e-01
1.841667e-02	2.630920e-01
1.843750e-02	2.696838e-01
1.845833e-02	2.615662e-01
1.847917e-02	2.702637e-01
1.850000e-02	2.612915e-01
1.852083e-02	2.696533e-01
1.854167e-02	2.620850e-01
1.856250e-02	2.681580e-01
1.858333e-02	2.635193e-01
1.860417e-02	2.662048e-01
1.862500e-02	2.652283e-01
1.864583e-02	2.642212e-01
1.866667e-02	2.668152e-01
1.868750e-02	2.625427e-01
1.870833e-02	2.678528e-01
1.872917e-02	2.615662e-01
1.875000e-02	2.681274e-01
1.877083e-02	2.614136e-01
1.879167e-02	2.675171e-01
1.881250e-02	2.620850e-01
1.883333e-02	2.661743e-01
1.885417e-02	2.634277e-01
1.887500e-02	2.643127e-01
1.889583e-02	2.651062e-01
1.891667e-02	2.622681e-01
1.893750e-02	2.667542e-01
1.895833e-02	2.605286e-01
1.897917e-02	2.678833e-01
1.900000e-02	2.594604e-01
1.902083e-02	2.681580e-01
1.904167e-02	2.593994e-01
1.906250e-02	2.673035e-01
1.908333e-02	2.605896e-01
1.910417e-02	2.651367e-01
1.912500e-02	2.631226e-01
1.914583e-02	2.616577e-01
1.916667e-02	2.669678e-01
1.918750e-02	2.568054e-01
1.920833e-02	2.723083e-01
1.922917e-02	2.501221e-01
1.925000e-02	2.803650e-01
1.927083e-02	2.380676e-01
1.929167e-02	3.033447e-01
1.931250e-02	1.268921e-01
1.933333e-02	-2.752380e-01
1.935417e-02	-2.598267e-01
1.937500e-02	-2.599487e-01
1.939583e-02	-2.676697e-01
1.941667e-02	-2.554016e-01
1.943750e-02	-2.698669e-01
1.945833e-02	-2.543030e-01
1.947917e-02	-2.695923e-01
1.950000e-02	-2.550659e-01
1.952083e-02	-2.678833e-01
1.954167e-02	-2.569275e-01
1.956250e-02	-2.654114e-01
1.958333e-02	-2.592773e-01
1.960417e-02	-2.627258e-01
1.962500e-02	-2.615967e-01
1.964583e-02	-2.602844e-01
1.966667e-02	-2.634277e-01
1.968750e-02	-2.585144e-01
1.970833e-02	-2.644958e-01
1.972917e-02	-2.575989e-01
1.975000e-02	-2.646484e-01
1.977083e-02	-2.576294e-01
1.979167e-02	-2.638855e-01
1.981250e-02	-2.584534e-01
1.983333e-02	-2.624207e-01
1.985417e-02	-2.598267e-01
1.987500e-02	-2.606201e-01
1.989583e-02	-2.613831e-01
1.991667e-02	-2.587891e-01
1.993750e-02	-2.627563e-01
1.995833e-02	-2.573853e-01
1.997917e-02	-2.635193e-01
2.000000e-02	-2.566833e-01
2.002083e-02	-2.635193e-01
2.004167e-02	-2.568359e-01
2.006250e-02	-2.626038e-01
2.008333e-02	-2.578735e-01
2.010417e-02	-2.608643e-01
2.012500e-02	-2.596436e-01
2.014583e-02	-2.585754e-01
2.016667e-02	-2.617798e-01
2.018750e-02	-2.560730e-01
2.020833e-02	-2.638855e-01
2.022917e-02	-2.539063e-01
2.025000e-02	-2.654114e-01
2.027083e-02	-2.525940e-01
2.029167e-02	-2.658081e-01
2.031250e-02	-2.526855e-01
2.033333e-02	-2.644348e-01
2.035417e-02	-2.550049e-01
2.037500e-02	-2.601013e-01
2.039583e-02	-2.616272e-01
2.041667e-02	-2.482300e-01
2.043750e-02	-2.864075e-01
2.045833e-02	8.483887e-02
2.047917e-02	3.030090e-01
2.050000e-02	2.331543e-01
2.052083e-02	2.748413e-01
2.054167e-02	2.469482e-01
2.056250e-02	2.654419e-01
2.058333e-02	2.537842e-01
2.060417e-02	2.597046e-01
2.062500e-02	2.581787e-01
2.064583e-02	2.559204e-01
2.066667e-02	2.608643e-01
2.068750e-02	2.536926e-01
2.070833e-02	2.620544e-01
2.072917e-02	2.528992e-01
2.075000e-02	2.619324e-01
2.077083e-02	2.532654e-01
2.079167e-02	2.608032e-01
2.081250e-02	2.544861e-01
2.083333e-02	2.590027e-01
2.085417e-02	2.561646e-01
2.087500e-02	2.569580e-01
2.089583e-02	2.578430e-01
2.091667e-02	2.551270e-01
2.093750e-02	2.591858e-01
2.095833e-02	2.538147e-01
2.097917e-02	2.598267e-01
2.100000e-02	2.532959e-01
2.102083e-02	2.596436e-01
2.104167e-02	2.536011e-01
2.106250e-02	2.586670e-01
2.108333e-02	2.546082e-01
2.110417e-02	2.570801e-01
2.112500e-02	2.561035e-01
2.114583e-02	2.551880e-01
2.116667e-02	2.577209e-01
2.118750e-02	2.533569e-01
2.120833e-02	2.590637e-01
2.122917e-02	2.520447e-01
2.125000e-02	2.597046e-01
2.127083e-02	2.515564e-01
2.129167e-02	2.593994e-01
2.131250e-02	2.521057e-01
