sin_8_1_48000.wav
00000000  52 49 46 46 a4 bb 00 00  57 41 56 45 66 6d 74 20  |RIFF....WAVEfmt |
00000010  10 00 00 00 01 00 01 00  80 bb 00 00 80 bb 00 00  |................|
00000020  01 00 08 00 64 61 74 61  80 bb 00 00              |....data....|
0000002c


sin_16_1_48000.wav
00000000  52 49 46 46 24 77 01 00  57 41 56 45 66 6d 74 20  |RIFF$w..WAVEfmt |
00000010  10 00 00 00 01 00 01 00  80 bb 00 00 00 77 01 00  |.............w..|
00000020  02 00 10 00 64 61 74 61  00 77 01 00              |....data.w..|
0000002c


sin_24_1_48000.wav
00000000  52 49 46 46 a4 32 02 00  57 41 56 45 66 6d 74 20  |RIFF.2..WAVEfmt |
00000010  10 00 00 00 01 00 01 00  80 bb 00 00 80 32 02 00  |.............2..|
00000020  03 00 18 00 64 61 74 61  80 32 02 00              |....data.2..|
0000002c


sin_32_1_48000.wav
00000000  52 49 46 46 24 ee 02 00  57 41 56 45 66 6d 74 20  |RIFF$...WAVEfmt |
00000010  10 00 00 00 01 00 01 00  80 bb 00 00 00 ee 02 00  |................|
00000020  04 00 20 00 64 61 74 61  00 ee 02 00              |.. .data....|
0000002c


sin_16_2_48000.wav
00000000  52 49 46 46 24 ee 02 00  57 41 56 45 66 6d 74 20  |RIFF$...WAVEfmt |
00000010  10 00 00 00 01 00 02 00  80 bb 00 00 00 ee 02 00  |................|
00000020  04 00 10 00 64 61 74 61  00 ee 02 00              |....data....|
0000002c


sin_16_1_8000.wav
00000000  52 49 46 46 a4 3e 00 00  57 41 56 45 66 6d 74 20  |RIFF.>..WAVEfmt |
00000010  10 00 00 00 01 00 01 00  40 1f 00 00 80 3e 00 00  |........@....>..|
00000020  02 00 10 00 64 61 74 61  80 3e 00 00              |....data.>..|
0000002c


sin_16_1_44100.wav
00000000  52 49 46 46 ac 58 01 00  57 41 56 45 66 6d 74 20  |RIFF.X..WAVEfmt |
00000010  10 00 00 00 01 00 01 00  44 ac 00 00 88 58 01 00  |........D....X..|
00000020  02 00 10 00 64 61 74 61  88 58 01 00              |....data.X..|
0000002c

