0	30.154510498046875
46.875	30.544997650076226
93.75	31.721890730942889
140.625	33.883083232711449
187.5	37.40873738327182
234.375	43.089209191005111
281.25	52.692325928152457
328.125	70.997543746696451
375	116.63144457847388
421.875	401.06202245029863
468.75	243.45423357122493
515.625	89.450372594368659
562.5	53.550697677813119
609.375	37.672714073883171
656.25	28.779806364313508
703.125	23.126556822415555
750	19.236028978448939
796.875	16.407321533534191
843.75	14.265722826032135
890.625	12.593816412268874
937.5	11.25593721814491
984.375	10.163407968350844
1031.25	9.2571204278190269
1078.125	8.493597149845705
1125	7.8431024192832748
1171.875	7.2827033654219075
1218.75	6.7959384983726654
1265.625	6.3682392759886808
1312.5	5.991178748295293
1359.375	5.6565432426735631
1406.25	5.356655375176409
1453.125	5.0874319143240463
1500	4.8441679770038233
1546.875	4.6233005284973814
1593.75	4.4218725829884766
1640.625	4.2373450439696239
1687.5	4.0685558760491149
1734.375	3.9126357700400085
1781.25	3.7686257331266093
1828.125	3.6352494090961529
1875	3.5120702795901138
1921.875	3.395350935256324
1968.75	3.28721330445613
2015.625	3.1863911511864389
2062.5	3.0916549648735261
2109.375	3.0032920474211027
2156.25	2.9183773542963896
2203.125	2.839386081948442
2250	2.7647036075678373
2296.875	2.6938814202198862
2343.75	2.6266479751399778
2390.625	2.5634315180327696
2437.5	2.5018299943219415
2484.375	2.4454250202146892
2531.25	2.3906494199820019
2578.125	2.3385055195632742
2625	2.2879368302407439
2671.875	2.2394972510006745
2718.75	2.1951121886384959
2765.625	2.1510253290701913
2812.5	2.1091505006737972
2859.375	2.0690121961508208
2906.25	2.0302966773758047
2953.125	1.9930378513185973
3000	1.9573897635203992
3046.875	1.9228844165993615
3093.75	1.889735376911327
3140.625	1.8579808533482294
3187.5	1.8266570835687481
3234.375	1.7974166820706694
3281.25	1.7680512329190277
3328.125	1.7404475231665779
3375	1.7133009194789528
3421.875	1.6875002810985333
3468.75	1.6621221622502738
3515.625	1.6377708187717461
3562.5	1.6145436926048489
3609.375	1.5911974897676349
3656.25	1.5688135764239401
3703.125	1.5472412408695881
3750	1.5261667733428455
3796.875	1.5054141333890991
3843.75	1.4859417458658233
3890.625	1.4666710808031458
3937.5	1.4478946474035483
3984.375	1.4296378955353632
4031.25	1.4122338257108842
4078.125	1.3943933667031367
4125	1.3780991597144701
4171.875	1.3613006875142022
4218.75	1.3452350712530481
4265.625	1.3298511031969145
4312.5	1.3141295293328892
4359.375	1.2990879051692636
4406.25	1.2848310601720385
4453.125	1.2706188838850068
4500	1.2567730232373424
4546.875	1.2433953937548392
4593.75	1.2302313344256155
4640.625	1.2172683872279508
4687.5	1.204263426918645
4734.375	1.1921942231628029
4781.25	1.1800568507970015
4828.125	1.1684649442630641
4875	1.1565148067864892
4921.875	1.1456928123723409
4968.75	1.1342312932560807
5015.625	1.1232907105995156
5062.5	1.112676524006837
5109.375	1.1023305059618118
5156.25	1.0922869875759331
5203.125	1.0820031963585419
5250	1.0721338155587192
5296.875	1.0623317300280732
5343.75	1.0532656621975742
5390.625	1.0433606590015123
5437.5	1.0350392219179418
5484.375	1.025537395599563
5531.25	1.0171529581293828
5578.125	1.0086116635240947
5625	0.99989663652179683
5671.875	0.99207951207950218
5718.75	0.98423908969639928
5765.625	0.97576291340043575
5812.5	0.96794140369315396
5859.375	0.96011896947037101
5906.25	0.95277644701180975
5953.125	0.94551526976200284
6000	0.93793271681160773
6046.875	0.93034597576890876
6093.75	0.92359172523842947
6140.625	0.91667405030926452
6187.5	0.91000257418155117
6234.375	0.90293573041984843
6281.25	0.89623876926017809
6328.125	0.88984517031108801
6375	0.88341283902641776
6421.875	0.87713553456913029
6468.75	0.87094271356611963
6515.625	0.86466630819164081
6562.5	0.85886996130671656
6609.375	0.85289514110465703
6656.25	0.84712204019600312
6703.125	0.8410189217489108
6750	0.83462567326772952
6796.875	0.83029271632523316
6843.75	0.82518513035743435
6890.625	0.81935023855685585
6937.5	0.81398765444333621
6984.375	0.80905703298214626
7031.25	0.80329363867955661
7078.125	0.7986690631108414
7125	0.79322267232794286
7171.875	0.78839213891211246
7218.75	0.78337216266246013
7265.625	0.7786933099808635
7312.5	0.77413339315881913
7359.375	0.76915306928992577
7406.25	0.76437164923343948
7453.125	0.76001850782556546
7500	0.75535001704710669
7546.875	0.75071585713460642
7593.75	0.74679867534211775
7640.625	0.74217831285060243
7687.5	0.73806502058000034
7734.375	0.73382858434523512
7781.25	0.7294324457323238
7828.125	0.72590392529397663
7875	0.72191097906941049
7921.875	0.7177055819143241
7968.75	0.71349214869711453
8015.625	0.70962448630164243
8062.5	0.70619739710251417
8109.375	0.7019825435400181
8156.25	0.69861228486343185
8203.125	0.69470245092902672
8250	0.69116203364365136
8296.875	0.68750494050168121
8343.75	0.68388232237794822
8390.625	0.68063480231654472
8437.5	0.67797702629406775
8484.375	0.67362709118687947
8531.25	0.670192196703289
8578.125	0.66706268456645812
8625	0.66328645224565219
8671.875	0.66035113575880067
8718.75	0.65687540429595626
8765.625	0.65347632267486733
8812.5	0.6505126089495864
8859.375	0.64752374013837521
8906.25	0.64434059857341319
8953.125	0.64143403607842342
9000	0.6381767186046603
9046.875	0.63536721178305011
9093.75	0.63240445949715174
9140.625	0.62925396042060766
9187.5	0.62688506758949714
9234.375	0.62393080235905318
9281.25	0.62112417879001791
9328.125	0.61816290323772838
9375	0.6156585816497494
9421.875	0.6126900930227116
9468.75	0.61026768585673552
9515.625	0.60733778490038115
9562.5	0.60468525746161561
9609.375	0.60212287680511423
9656.25	0.59956666801415948
9703.125	0.59704484772198319
9750	0.59449250352944993
9796.875	0.59195242639295853
9843.75	0.58962452671234189
9890.625	0.5870462329215298
9937.5	0.58478025789625698
9984.375	0.58218394731654433
10031.25	0.57959715618031549
10078.125	0.57763585612234158
10125	0.57521469523850355
10171.875	0.57289173521580372
10218.75	0.57087778451084814
10265.625	0.56847322046480131
10312.5	0.56638571686564043
10359.375	0.56409137508700757
10406.25	0.56198047170407672
10453.125	0.55978010528052313
10500	0.55755132129975027
10546.875	0.55563177268441821
10593.75	0.55326692296309077
10640.625	0.55148990967454226
10687.5	0.54937245772584864
10734.375	0.54754902189169874
10781.25	0.54511897289814315
10828.125	0.5433294480284615
10875	0.54137963775244757
10921.875	0.53933076907384703
10968.75	0.53753643904989667
11015.625	0.53549116356592463
11062.5	0.53373458642909111
11109.375	0.53172368624467425
11156.25	0.53007383245770379
11203.125	0.52810075931000755
11250	0.52623435662436358
11296.875	0.52454273764208426
11343.75	0.52262848111671167
11390.625	0.52067065411100888
11437.5	0.51925380626092543
11484.375	0.51759957092087117
11531.25	0.51578920947533247
11578.125	0.51382676929109905
11625	0.51187171828356182
11671.875	0.51095694124618662
11718.75	0.50919044228809851
11765.625	0.50758049738683741
11812.5	0.50586763085274966
11859.375	0.50443527332815374
11906.25	0.50257173150484036
11953.125	0.50151416423042217
12000	0.49932338803719922
12046.875	0.49784294223768205
12093.75	0.49620141496532039
12140.625	0.49506879980606888
12187.5	0.49341893103547024
12234.375	0.49198153120247057
12281.25	0.49038286354798621
12328.125	0.48906682727963624
12375	0.4873757536426056
12421.875	0.48596828839364259
12468.75	0.48467926662333466
12515.625	0.48294817016387215
12562.5	0.48192044813374546
12609.375	0.48049373733303186
12656.25	0.47930766110643996
12703.125	0.4776072231860482
12750	0.47661071376201242
12796.875	0.47497563992028546
12843.75	0.47355460025476936
12890.625	0.47232704567296341
12937.5	0.47115452026776122
12984.375	0.46986065980048064
13031.25	0.46846703058015693
13078.125	0.46745525487817025
13125	0.46597033681576155
13171.875	0.46470006833063904
13218.75	0.46334799770948587
13265.625	0.46251424781707234
13312.5	0.46101161824134429
13359.375	0.46002705480081191
13406.25	0.45864414903785172
13453.125	0.45758980187893228
13500	0.4562777546836857
13546.875	0.45512555610799982
13593.75	0.45408985994950635
13640.625	0.45297862462961364
13687.5	0.45179415256868116
13734.375	0.45083542087940004
13781.25	0.449534930650897
13828.125	0.44861915738125663
13875	0.44741076743276081
13921.875	0.44634128376034149
13968.75	0.44527688643739877
14015.625	0.44409635614263077
14062.5	0.44340902475138749
14109.375	0.44247814479004249
14156.25	0.44109259257487099
14203.125	0.44018619837937761
14250	0.43903989307387137
14296.875	0.43837632252092046
14343.75	0.43745615579254138
14390.625	0.43590340861455307
14437.5	0.43437771517373763
14484.375	0.43419157250446433
14531.25	0.43298704755491563
14578.125	0.43226293494731133
14625	0.4311553045090894
14671.875	0.43009011841261408
14718.75	0.42944510649369627
14765.625	0.42848187794621639
14812.5	0.42750404401589781
14859.375	0.42676399148071598
14906.25	0.42581804461786654
14953.125	0.42486022511021571
15000	0.42365491833428398
15046.875	0.42314820237509471
15093.75	0.42231865922358452
15140.625	0.4215401095002953
15187.5	0.42053058690484851
15234.375	0.41994089503987536
15281.25	0.41880950035878334
15328.125	0.41800673987826348
15375	0.41717111053686373
15421.875	0.41631296151687797
15468.75	0.41539953993191897
15515.625	0.41483928663400266
15562.5	0.41390136188723536
15609.375	0.4132384463563839
15656.25	0.41252060056173639
15703.125	0.4118363972168021
15750	0.41078396162132941
15796.875	0.41001262957232165
15843.75	0.40930674978619541
15890.625	0.40847830326513257
15937.5	0.40766265048694117
15984.375	0.40725090007563242
16031.25	0.40612882233982389
16078.125	0.40586931689714523
16125	0.40507742346465381
16171.875	0.40443581172216697
16218.75	0.40335261114126303
16265.625	0.40241016188599021
16312.5	0.40242091689570347
16359.375	0.40181463469453027
16406.25	0.40096801227307133
16453.125	0.40015118796214677
16500	0.39978056367419229
16546.875	0.39866412253097255
16593.75	0.39790796303107762
16640.625	0.39758820934746886
16687.5	0.39688015929480647
16734.375	0.39615770932109795
16781.25	0.39587552698722017
16828.125	0.39533897058095202
16875	0.39433629791307695
16921.875	0.39386716613955636
16968.75	0.3932184629300558
17015.625	0.39261496448599181
17062.5	0.39207432181694191
17109.375	0.39139608763826517
17156.25	0.39064570178108243
17203.125	0.39024262543060745
17250	0.38969277481497727
17296.875	0.38903578823712343
17343.75	0.38862196534676358
17390.625	0.38815232398823585
17437.5	0.38742267397107655
17484.375	0.38676327912444164
17531.25	0.38628742751555545
17578.125	0.38598947787929572
17625	0.38534772907627352
17671.875	0.38477570076633877
17718.75	0.38424104951142951
17765.625	0.38369629787772247
17812.5	0.38306999225636024
17859.375	0.38244532767056244
17906.25	0.38238399657479549
17953.125	0.38154365404530732
18000	0.38136032481330417
18046.875	0.38076723748902264
18093.75	0.38024072709793844
18140.625	0.37996779479470316
18187.5	0.37932019265062
18234.375	0.37895799903131849
18281.25	0.37857881939270016
18328.125	0.37815421877609706
18375	0.37707349376676202
18421.875	0.37687744753276625
18468.75	0.3766881904119021
18515.625	0.37627978219221497
18562.5	0.37577351520490915
18609.375	0.37532466299943679
18656.25	0.37493815331735991
18703.125	0.37435584063649435
18750	0.37390597000462267
18796.875	0.37363968073221965
18843.75	0.37326014889020342
18890.625	0.37285403895133723
18937.5	0.37258942346745427
18984.375	0.37241243613810338
19031.25	0.37151457214887795
19078.125	0.37113667041454151
19125	0.37086853034737738
19171.875	0.37032269554461383
19218.75	0.37001263499636944
19265.625	0.36972201712682412
19312.5	0.36913339717147664
19359.375	0.36912194100743567
19406.25	0.36864718121559892
19453.125	0.36838492046205962
19500	0.3680682312770604
19546.875	0.36773898144381278
19593.75	0.36736324288873828
19640.625	0.3671135633725105
19687.5	0.36685396522391761
19734.375	0.36597527471242802
19781.25	0.36625353515158571
19828.125	0.36541389263555213
19875	0.3655223173410303
19921.875	0.36501556865077689
19968.75	0.36468329077422007
20015.625	0.36464995415816154
20062.5	0.36377203765876831
20109.375	0.36381049459870574
20156.25	0.3633562825305815
20203.125	0.36315790265127917
20250	0.36295157456530958
20296.875	0.36238457072492414
20343.75	0.3622588013331981
20390.625	0.36207519653055875
20437.5	0.36178427022149251
20484.375	0.36157188831299514
20531.25	0.36111559272329524
20578.125	0.36093213341352703
20625	0.36074468091019807
20671.875	0.36066115595762421
20718.75	0.36013203723254422
20765.625	0.35991782077572598
20812.5	0.35952280178212309
20859.375	0.35978801071439853
20906.25	0.35888534631243912
20953.125	0.35944716111057151
21000	0.35904236147063134
21046.875	0.35880095091204139
21093.75	0.3583131225142322
21140.625	0.35806722493607218
21187.5	0.35819841712334782
21234.375	0.35788160764394555
21281.25	0.35775948403924551
21328.125	0.35745088400050778
21375	0.35745624629317402
21421.875	0.35683271991339388
21468.75	0.35658374455155112
21515.625	0.35668770427138174
21562.5	0.35643048967588692
21609.375	0.35610016549365214
21656.25	0.35652299050486636
21703.125	0.35593749335806635
21750	0.35601289887582543
21796.875	0.35569885614156443
21843.75	0.35559718310917143
21890.625	0.35556693365159542
21937.5	0.35528683688319584
21984.375	0.35516948189614261
22031.25	0.35527262909216506
22078.125	0.35466610317538533
22125	0.35447737289864206
22171.875	0.35428592208544363
22218.75	0.35456239083146518
22265.625	0.35398895044189332
22312.5	0.35433860175968129
22359.375	0.35404382310200855
22406.25	0.3538033143845653
22453.125	0.35425822723276346
22500	0.35364594110099656
22546.875	0.35373076496512462
22593.75	0.35327134625922596
22640.625	0.35343014296081571
22687.5	0.35355015660541589
22734.375	0.35304632249709478
22781.25	0.35367132409628671
22828.125	0.35336306770438625
22875	0.35311076063814356
22921.875	0.35295226863380269
22968.75	0.35289782514104068
23015.625	0.35278900505721356
23062.5	0.35273587916488908
23109.375	0.35264529988432791
23156.25	0.35259181792509742
23203.125	0.35262248861323675
23250	0.35192054085103347
23296.875	0.3520047989729343
23343.75	0.35270437182675934
23390.625	0.35223687476034593
23437.5	0.35240282796397437
23484.375	0.3522018826260272
23531.25	0.35218239785458177
23578.125	0.3523345152841173
23625	0.3522046458630525
23671.875	0.35228336567923463
23718.75	0.35223465741841642
23765.625	0.3524286792773994
23812.5	0.35144503672320426
23859.375	0.35206963492263188
23906.25	0.35185313691707171
23953.125	0.35197299606861343
24000	0.351898193359375
24046.875	0.35197299607037275
24093.75	0.35185313691790521
24140.625	0.35206963492263954
24187.5	0.35144503672226984
24234.375	0.35242867927765681
24281.25	0.35223465741940674
24328.125	0.3522833656780423
24375	0.35220464586272365
24421.875	0.35233451528422038
24468.75	0.35218239785541805
24515.625	0.35220188262557595
24562.5	0.35240282796455535
24609.375	0.35223687476184828
24656.25	0.35270437182559666
24703.125	0.3520047989727938
24750	0.35192054085116969
24796.875	0.35262248861255074
24843.75	0.35259181792423006
24890.625	0.35264529988355237
24937.5	0.35273587916478094
24984.375	0.35278900505562416
25031.25	0.35289782514290019
25078.125	0.35295226862745355
25125	0.35311076064054264
25171.875	0.35336306770294312
25218.75	0.35367132409584395
25265.625	0.35304632249739182
25312.5	0.35355015660489447
25359.375	0.35343014296134706
25406.25	0.35327134625926204
25453.125	0.35373076496448103
25500	0.35364594110072722
25546.875	0.35425822723209943
25593.75	0.35380331437357027
25640.625	0.35404382310426535
25687.5	0.35433860176059689
25734.375	0.3539889504430786
25781.25	0.35456239083237173
25828.125	0.35428592208742588
25875	0.35447737289869108
25921.875	0.35466610317464026
25968.75	0.35527262909152624
26015.625	0.35516948189537323
26062.5	0.35528683688338497
26109.375	0.35556693365158448
26156.25	0.35559718310918753
26203.125	0.35569885614144742
26250	0.35601289887559717
26296.875	0.35593749335810532
26343.75	0.35652299050411584
26390.625	0.35610016549398532
26437.5	0.35643048967573993
26484.375	0.35668770427174806
26531.25	0.35658374455099673
26578.125	0.35683271990274279
26625	0.35745624629335504
26671.875	0.35745088399865804
26718.75	0.35775948403644914
26765.625	0.35788160764244564
26812.5	0.35819841712503797
26859.375	0.35806722493639426
26906.25	0.3583131225141471
26953.125	0.35880095091195963
27000	0.35904236147039292
27046.875	0.35944716111151953
27093.75	0.35888534631314489
27140.625	0.35978801071557598
27187.5	0.35952280178210344
27234.375	0.35991782077573414
27281.25	0.36013203723265019
27328.125	0.36066115596261983
27375	0.36074468091022233
27421.875	0.36093213341354513
27468.75	0.36111559272380966
27515.625	0.36157188831350151
27562.5	0.36178427022212978
27609.375	0.36207519653060644
27656.25	0.36225880133299698
27703.125	0.36238457072488761
27750	0.36295157456599209
27796.875	0.36315790265085507
27843.75	0.36335628253019342
27890.625	0.36381049460128712
27937.5	0.36377203765810889
27984.375	0.36464995415891432
28031.25	0.36468329077411138
28078.125	0.36501556865084772
28125	0.36552231733971968
28171.875	0.36541389263644719
28218.75	0.36625353515233899
28265.625	0.365975274712388
28312.5	0.36685396522813235
28359.375	0.36711356337251499
28406.25	0.36736324289076372
28453.125	0.36773898144448097
28500	0.36806823127824911
28546.875	0.36838492046223276
28593.75	0.36864718121536422
28640.625	0.36912194100553919
28687.5	0.36913339717086974
28734.375	0.36972201712729985
28781.25	0.37001263499718839
28828.125	0.37032269554671715
28875	0.37086853034668138
28921.875	0.37113667041326942
28968.75	0.3715145721462989
29015.625	0.37241243613866826
29062.5	0.37258942346769669
29109.375	0.37285403895075675
29156.25	0.37326014888863901
29203.125	0.37363968073351911
29250	0.37390597000661169
29296.875	0.37435584063673882
29343.75	0.37493815331697178
29390.625	0.37532466299873901
29437.5	0.37577351520480751
29484.375	0.3762797821971845
29531.25	0.37668819041243679
29578.125	0.37687744753572755
29625	0.37707349376843907
29671.875	0.37815421877558109
29718.75	0.37857881939354054
29765.625	0.37895799903229022
29812.5	0.37932019264873229
29859.375	0.37996779479500359
29906.25	0.38024072709763052
29953.125	0.38076723748905494
30000	0.38136032481456256
30046.875	0.38154365404340912
30093.75	0.38238399657496353
30140.625	0.38244532767158151
30187.5	0.38306999225795174
30234.375	0.38369629787495513
30281.25	0.38424104951144106
30328.125	0.38477570076695644
30375	0.38534772907648041
30421.875	0.38598947787924642
30468.75	0.38628742751669781
30515.625	0.38676327912463154
30562.5	0.38742267397444125
30609.375	0.38815232398855648
30656.25	0.38862196534656662
30703.125	0.38903578823680635
30750	0.38969277481515213
30796.875	0.39024262543023541
30843.75	0.39064570177892716
30890.625	0.39139608763855688
30937.5	0.39207432181783775
30984.375	0.39261496448543237
31031.25	0.39321846293054818
31078.125	0.39386716613890527
31125	0.39433629791279562
31171.875	0.39533897058130218
31218.75	0.39587552699343048
31265.625	0.39615770932179778
31312.5	0.39688015929831483
31359.375	0.39758820934693784
31406.25	0.3979079630307007
31453.125	0.39866412253071259
31500	0.39978056367430043
31546.875	0.40015118796169569
31593.75	0.40096801227308354
31640.625	0.40181463469481954
31687.5	0.40242091689719206
31734.375	0.40241016188575685
31781.25	0.4033526111411801
31828.125	0.40443581172240806
31875	0.40507742346404624
31921.875	0.40586931689729999
31968.75	0.4061288223401478
32015.625	0.40725090007530862
32062.5	0.4076626504872945
32109.375	0.40847830326564089
32156.25	0.40930674978708975
32203.125	0.41001262957220941
32250	0.41078396162070296
32296.875	0.41183639721881465
32343.75	0.41252060056042755
32390.625	0.41323844635941104
32437.5	0.41390136188793425
32484.375	0.4148392866344795
32531.25	0.41539953993041695
32578.125	0.41631296151780905
32625	0.41717111053435207
32671.875	0.41800673987881543
32718.75	0.41880950035789699
32765.625	0.41994089504300519
32812.5	0.42053058690405698
32859.375	0.42154010950063237
32906.25	0.42231865922410416
32953.125	0.4231482023751148
33000	0.42365491833474289
33046.875	0.42486022510990673
33093.75	0.42581804461749079
33140.625	0.42676399148107669
33187.5	0.42750404401581954
33234.375	0.42848187794625514
33281.25	0.42944510650057011
33328.125	0.4300901184139394
33375	0.43115530450821909
33421.875	0.4322629349493009
33468.75	0.43298704755295853
33515.625	0.43419157250505597
33562.5	0.43437771516890489
33609.375	0.43590340861929189
33656.25	0.43745615579241609
33703.125	0.43837632252118874
33750	0.43903989307328456
33796.875	0.44018619838024314
33843.75	0.44109259257578903
33890.625	0.44247814478427006
33937.5	0.44340902475004995
33984.375	0.44409635614187914
34031.25	0.44527688643850538
34078.125	0.44634128375956844
34125	0.44741076743271729
34171.875	0.44861915737566788
34218.75	0.44953493065133437
34265.625	0.45083542088005168
34312.5	0.45179415257062711
34359.375	0.45297862462513061
34406.25	0.45408985994881657
34453.125	0.45512555610249306
34500	0.45627775468353715
34546.875	0.45758980186820142
34593.75	0.4586441490386941
34640.625	0.46002705480224676
34687.5	0.46101161824238013
34734.375	0.46251424781624323
34781.25	0.46334799771067736
34828.125	0.46470006833232586
34875	0.46597033681589523
34921.875	0.46745525487384404
34968.75	0.46846703058097139
35015.625	0.46986065980035396
35062.5	0.47115452026676219
35109.375	0.47232704567357675
35156.25	0.47355460025528667
35203.125	0.47497563992027614
35250	0.47661071375958708
35296.875	0.47760722318581411
35343.75	0.47930766110594092
35390.625	0.48049373733400591
35437.5	0.48192044813408397
35484.375	0.48294817016734104
35531.25	0.48467926662331917
35578.125	0.48596828839348716
35625	0.48737575365487312
35671.875	0.48906682727770989
35718.75	0.49038286354782795
35765.625	0.4919815312014757
35812.5	0.49341893103739864
35859.375	0.49506879980601309
35906.25	0.49620141496536768
35953.125	0.49784294223703146
36000	0.49932338803675819
36046.875	0.50151416422997641
36093.75	0.50257173150637202
36140.625	0.50443527332982097
36187.5	0.50586763085242703
36234.375	0.5075804973829009
36281.25	0.5091904422892366
36328.125	0.51095694124553992
36375	0.51187171828185396
36421.875	0.51382676929061977
36468.75	0.51578920947438345
36515.625	0.51759957092103892
36562.5	0.51925380626037609
36609.375	0.5206706541102295
36656.25	0.5226284811196743
36703.125	0.52454273764323589
36750	0.52623435662157747
36796.875	0.52810075930794442
36843.75	0.53007383245702389
36890.625	0.53172368624749045
36937.5	0.53373458642880023
36984.375	0.53549116356314741
37031.25	0.53753643905249138
37078.125	0.53933076907395305
37125	0.54137963775021214
37171.875	0.5433294480324653
37218.75	0.54511897289886124
37265.625	0.54754902189145183
37312.5	0.5493724577274961
37359.375	0.5514899096751319
37406.25	0.55326692296433866
37453.125	0.55563177268475239
37500	0.55755132130129625
37546.875	0.55978010527950561
37593.75	0.56198047170446663
37640.625	0.56409137508742224
37687.5	0.56638571686643946
37734.375	0.5684732204577907
37781.25	0.57087778450865867
37828.125	0.57289173521552106
37875	0.57521469524154156
37921.875	0.57763585611912249
37968.75	0.57959715618016838
38015.625	0.58218394731658429
38062.5	0.58478025789548238
38109.375	0.58704623292831448
38156.25	0.58962452671242471
38203.125	0.59195242639347811
38250	0.59449250352918304
38296.875	0.59704484772203281
38343.75	0.59956666801345992
38390.625	0.60212287680499554
38437.5	0.60468525746349733
38484.375	0.60733778490150025
38531.25	0.61026768585776292
38578.125	0.61269009301413724
38625	0.61565858164998921
38671.875	0.61816290323784351
38718.75	0.62112417878351445
38765.625	0.62393080235977283
38812.5	0.626885067588836
38859.375	0.62925396042130888
38906.25	0.63240445949605895
38953.125	0.63536721178561195
39000	0.63817671860685599
39046.875	0.64143403607558824
39093.75	0.6443405985741445
39140.625	0.6475237401415247
39187.5	0.65051260894963969
39234.375	0.65347632267455946
39281.25	0.65687540429683378
39328.125	0.66035113575834015
39375	0.66328645224571359
39421.875	0.66706268456652762
39468.75	0.67019219670321317
39515.625	0.67362709118378816
39562.5	0.67797702629305423
39609.375	0.68063480231688744
39656.25	0.68388232238119306
39703.125	0.68750494050063882
39750	0.69116203364324591
39796.875	0.69470245092664829
39843.75	0.69861228486347771
39890.625	0.70198254353908196
39937.5	0.70619739710390816
39984.375	0.70962448629698793
40031.25	0.71349214869787725
40078.125	0.71770558191494271
40125	0.72191097906597068
40171.875	0.7259039252923325
40218.75	0.72943244573268762
40265.625	0.73382858434344422
40312.5	0.73806502057986167
40359.375	0.74217831285051206
40406.25	0.74679867534260091
40453.125	0.75071585713475852
40500	0.75535001704473748
40546.875	0.76001850782677816
40593.75	0.76437164923469036
40640.625	0.76915306928996463
40687.5	0.77413339315883323
40734.375	0.77869330998076691
40781.25	0.783372162666369
40828.125	0.78839213891280202
40875	0.79322267232761201
40921.875	0.79866906311037666
40968.75	0.80329363868046366
41015.625	0.80905703298149689
41062.5	0.81398765444205223
41109.375	0.81935023855897926
41156.25	0.82518513035692898
41203.125	0.83029271633168777
41250	0.83462567326543102
41296.875	0.84101892174893245
41343.75	0.84712204019518111
41390.625	0.85289514110468712
41437.5	0.8588699613046783
41484.375	0.86466630819217638
41531.25	0.87094271356650554
41578.125	0.87713553456601867
41625	0.88341283902684409
41671.875	0.88984517031253085
41718.75	0.89623876925969503
41765.625	0.9029357304332134
41812.5	0.91000257418015107
41859.375	0.91667405030994076
41906.25	0.92359172523893618
41953.125	0.93034597576892053
42000	0.93793271680589896
42046.875	0.94551526976437206
42093.75	0.95277644701465025
42140.625	0.9601189694718022
42187.5	0.96794140369496406
42234.375	0.97576291340098453
42281.25	0.98423908969407126
42328.125	0.99207951207942491
42375	0.99989663651948357
42421.875	1.0086116635245135
42468.75	1.0171529581297858
42515.625	1.0255373955994094
42562.5	1.0350392219175637
42609.375	1.0433606590018201
42656.25	1.053265662197977
42703.125	1.0623317300266801
42750	1.0721338155601359
42796.875	1.0820031963597774
42843.75	1.092286987576464
42890.625	1.1023305059653499
42937.5	1.1126765240067249
42984.375	1.1232907105991063
43031.25	1.1342312932560414
43078.125	1.145692812371321
43125	1.156514806787267
43171.875	1.168464944262982
43218.75	1.1800568507968667
43265.625	1.1921942231796037
43312.5	1.2042634269186303
43359.375	1.2172683872303103
43406.25	1.2302313344242304
43453.125	1.2433953937582014
43500	1.2567730232341146
43546.875	1.2706188838850161
43593.75	1.2848310601709083
43640.625	1.2990879051692599
43687.5	1.3141295293324939
43734.375	1.3298511031971696
43781.25	1.3452350712525272
43828.125	1.3613006875162819
43875	1.3780991597159955
43921.875	1.3943933667028205
43968.75	1.4122338257099076
44015.625	1.4296378955377029
44062.5	1.4478946473997756
44109.375	1.4666710808035244
44156.25	1.4859417458644588
44203.125	1.505414133389015
44250	1.5261667733441375
44296.875	1.5472412408689058
44343.75	1.568813576402913
44390.625	1.5911974897679033
44437.5	1.614543692604083
44484.375	1.6377708187716833
44531.25	1.6621221622614912
44578.125	1.687500281096997
44625	1.7133009194744724
44671.875	1.7404475231661034
44718.75	1.7680512329206493
44765.625	1.7974166820739488
44812.5	1.8266570835693989
44859.375	1.857980853350262
44906.25	1.8897353769088747
44953.125	1.9228844165986569
45000	1.9573897635199025
45046.875	1.9930378513185762
45093.75	2.0302966773761457
45140.625	2.0690121961518946
45187.5	2.109150500673902
45234.375	2.1510253290697925
45281.25	2.1951121886382685
45328.125	2.2394972509990176
45375	2.2879368302411147
45421.875	2.338505519560687
45468.75	2.3906494199821231
45515.625	2.4454250202144725
45562.5	2.5018299943221507
45609.375	2.5634315180326093
45656.25	2.6266479751401293
45703.125	2.6938814202161869
45750	2.7647036075665463
45796.875	2.8393860819511909
45843.75	2.9183773542954459
45890.625	3.003292047417601
45937.5	3.0916549648738605
45984.375	3.186391151187749
46031.25	3.2872133044561509
46078.125	3.3953509352557041
46125	3.512070279589651
46171.875	3.6352494090988934
46218.75	3.7686257331275015
46265.625	3.9126357700405574
46312.5	4.0685558760479861
46359.375	4.237345043969591
46406.25	4.4218725829878966
46453.125	4.6233005284981061
46500	4.8441679770028161
46546.875	5.0874319143248146
46593.75	5.3566553751772474
46640.625	5.6565432426726856
46687.5	5.9911787482924117
46734.375	6.3682392759887474
46781.25	6.7959384983729834
46828.125	7.2827033654273787
46875	7.8431024192862999
46921.875	8.4935971498463161
46968.75	9.2571204278171937
47015.625	10.163407968349132
47062.5	11.255937218145707
47109.375	12.593816412268513
47156.25	14.265722826035338
47203.125	16.407321533531274
47250	19.236028978451046
47296.875	23.126556822414255
47343.75	28.779806364310158
47390.625	37.672714073876676
47437.5	53.550697677812948
47484.375	89.450372594361014
47531.25	243.45423357117076
47578.125	401.0620224502847
47625	116.63144457847393
47671.875	70.997543746693168
47718.75	52.692325928150346
47765.625	43.089209191004294
47812.5	37.408737383271422
47859.375	33.88308323271248
47906.25	31.721890730939993
47953.125	30.544997650073288
