0	30.154510498046875
46.875	30.544997650076159
93.75	31.721890730942832
140.625	33.883083232711428
187.5	37.408737383271792
234.375	43.089209191005146
281.25	52.692325928152428
328.125	70.997543746696465
375	116.63144457847405
421.875	401.06202245029897
468.75	243.4542335712251
515.625	89.450372594368417
562.5	53.550697677813062
609.375	37.672714073883277
656.25	28.779806364313412
703.125	23.126556822415431
750	19.236028978448971
796.875	16.407321533534219
843.75	14.265722826032111
890.625	12.593816412268861
937.5	11.255937218144842
984.375	10.163407968350826
1031.25	9.2571204278188954
1078.125	8.4935971498457992
1125	7.8431024192832997
1171.875	7.2827033654218942
1218.75	6.7959384983727018
1265.625	6.3682392759884898
1312.5	5.9911787482952628
1359.375	5.6565432426736129
1406.25	5.3566553751763024
1453.125	5.0874319143240028
1500	4.8441679770038037
1546.875	4.6233005284973112
1593.75	4.4218725829890042
1640.625	4.2373450439695954
1687.5	4.0685558760490999
1734.375	3.9126357700400081
1781.25	3.768625733126528
1828.125	3.6352494090962164
1875	3.5120702795900676
1921.875	3.3953509352563263
1968.75	3.2872133044560505
2015.625	3.1863911511863385
2062.5	3.0916549648734821
2109.375	3.0032920474210996
2156.25	2.9183773542963798
2203.125	2.8393860819483705
2250	2.7647036075678537
2296.875	2.6938814202198316
2343.75	2.6266479751397815
2390.625	2.5634315180327198
2437.5	2.5018299943218962
2484.375	2.4454250202146732
2531.25	2.3906494199820303
2578.125	2.3385055195632769
2625	2.2879368302408136
2671.875	2.239497251000699
2718.75	2.1951121886384524
2765.625	2.151025329070162
2812.5	2.1091505006737146
2859.375	2.0690121961508376
2906.25	2.0302966773758815
2953.125	1.9930378513186489
3000	1.9573897635203497
3046.875	1.9228844165993046
3093.75	1.889735376911408
3140.625	1.8579808533482127
3187.5	1.8266570835688289
3234.375	1.7974166820707767
3281.25	1.7680512329189895
3328.125	1.7404475231665586
3375	1.7133009194789184
3421.875	1.6875002810985562
3468.75	1.6621221622502067
3515.625	1.6377708187717073
3562.5	1.6145436926046339
3609.375	1.5911974897676855
3656.25	1.5688135764239941
3703.125	1.5472412408694007
3750	1.5261667733430262
3796.875	1.5054141333888498
3843.75	1.4859417458657864
3890.625	1.4666710808031407
3937.5	1.4478946474036207
3984.375	1.4296378955353648
4031.25	1.4122338257107792
4078.125	1.3943933667031767
4125	1.3780991597143613
4171.875	1.3613006875141342
4218.75	1.3452350712533085
4265.625	1.3298511031968567
4312.5	1.3141295293335709
4359.375	1.299087905169235
4406.25	1.2848310601719748
4453.125	1.2706188838854344
4500	1.2567730232379242
4546.875	1.2433953937558404
4593.75	1.2302313344253855
4640.625	1.217268387227979
4687.5	1.2042634269186443
4734.375	1.1921942231632738
4781.25	1.1800568507970091
4828.125	1.1684649442630171
4875	1.1565148067865363
4921.875	1.1456928123723971
4968.75	1.1342312932560445
5015.625	1.1232907105995797
5062.5	1.1126765240068905
5109.375	1.1023305059617561
5156.25	1.0922869875761936
5203.125	1.0820031963581851
5250	1.0721338155587212
5296.875	1.0623317300278763
5343.75	1.0532656621982883
5390.625	1.043360659001731
5437.5	1.0350392219178384
5484.375	1.025537395599575
5531.25	1.0171529581291803
5578.125	1.0086116635244982
5625	0.99989663652179195
5671.875	0.99207951207946554
5718.75	0.98423908969644081
5765.625	0.97576291340043131
5812.5	0.96794140369346404
5859.375	0.96011896947075659
5906.25	0.95277644701171882
5953.125	0.945515269762502
6000	0.93793271681163448
6046.875	0.93034597576858735
6093.75	0.92359172523838795
6140.625	0.91667405030934557
6187.5	0.91000257418171648
6234.375	0.90293573041953001
6281.25	0.89623876926006174
6328.125	0.88984517031126587
6375	0.88341283902639767
6421.875	0.87713553456875026
6468.75	0.87094271356628927
6515.625	0.86466630819151857
6562.5	0.85886996130679572
6609.375	0.85289514110465381
6656.25	0.84712204019595838
6703.125	0.84101892174883852
6750	0.83462567326777304
6796.875	0.83029271632499824
6843.75	0.82518513035695051
6890.625	0.81935023855674005
6937.5	0.81398765444337184
6984.375	0.80905703298177645
7031.25	0.80329363868009274
7078.125	0.79866906311087082
7125	0.79322267232806931
7171.875	0.78839213891185989
7218.75	0.78337216266234688
7265.625	0.77869330998095387
7312.5	0.77413339315882768
7359.375	0.76915306928993987
7406.25	0.76437164923381107
7453.125	0.76001850782543645
7500	0.75535001704689109
7546.875	0.75071585713454925
7593.75	0.74679867534205935
7640.625	0.74217831285065061
7687.5	0.73806502058020529
7734.375	0.73382858434535636
7781.25	0.72943244573236754
7828.125	0.72590392529399217
7875	0.72191097906907675
7921.875	0.71770558191396339
7968.75	0.71349214869702704
8015.625	0.70962448630137054
8062.5	0.70619739710281892
8109.375	0.70198254353976086
8156.25	0.69861228486310689
8203.125	0.69470245092923411
8250	0.69116203364362283
8296.875	0.68750494050076727
8343.75	0.68388232237935753
8390.625	0.68063480231688778
8437.5	0.67797702629413137
8484.375	0.6736270911867589
8531.25	0.67019219670337637
8578.125	0.66706268456669315
8625	0.66328645224605987
8671.875	0.66035113575814086
8718.75	0.65687540429850411
8765.625	0.65347632267519462
8812.5	0.65051260894962259
8859.375	0.64752374013847969
8906.25	0.64434059857337178
8953.125	0.64143403607590621
9000	0.63817671860576097
9046.875	0.63536721178300892
9093.75	0.63240445949659663
9140.625	0.62925396042051285
9187.5	0.62688506758981366
9234.375	0.6239308023591148
9281.25	0.62112417878972082
9328.125	0.61816290323790346
9375	0.61565858164940745
9421.875	0.61269009302358557
9468.75	0.6102676858568985
9515.625	0.60733778490079549
9562.5	0.60468525746178781
9609.375	0.60212287680531573
9656.25	0.59956666801404301
9703.125	0.59704484772165023
9750	0.59449250352951688
9796.875	0.59195242639330148
9843.75	0.58962452671217158
9890.625	0.58704623292148084
9937.5	0.58478025789648591
9984.375	0.58218394731701406
10031.25	0.57959715618045637
10078.125	0.57763585612255952
10125	0.57521469523833502
10171.875	0.57289173521552705
10218.75	0.57087778451029281
10265.625	0.56847322046585191
10312.5	0.56638571686560668
10359.375	0.56409137508653351
10406.25	0.56198047170424648
10453.125	0.55978010528082056
10500	0.55755132129995866
10546.875	0.55563177268425923
10593.75	0.55326692296325852
10640.625	0.55148990967442779
10687.5	0.54937245772583643
10734.375	0.54754902189170529
10781.25	0.54511897289810873
10828.125	0.5433294480289107
10875	0.54137963774919562
10921.875	0.53933076907527999
10968.75	0.53753643905186377
11015.625	0.53549116356659809
11062.5	0.53373458642972382
11109.375	0.53172368624436828
11156.25	0.5300738324578872
11203.125	0.52810075931018696
11250	0.52623435662400808
11296.875	0.52454273764407011
11343.75	0.52262848111652327
11390.625	0.52067065411101532
11437.5	0.5192538062611155
11484.375	0.51759957092155096
11531.25	0.51578920947627005
11578.125	0.51382676928898918
11625	0.51187171828258449
11671.875	0.51095694124585778
11718.75	0.50919044228782684
11765.625	0.50758049738670552
11812.5	0.50586763085233188
11859.375	0.50443527332835403
11906.25	0.50257173150561774
11953.125	0.50151416423016248
12000	0.4993233880372403
12046.875	0.49784294223760334
12093.75	0.49620141496548759
12140.625	0.49506879980628504
12187.5	0.49341893103622686
12234.375	0.4919815312027862
12281.25	0.49038286354823357
12328.125	0.4890668272790209
12375	0.48737575364153957
12421.875	0.48596828839345718
12468.75	0.48467926662374411
12515.625	0.48294817016456015
12562.5	0.48192044813367479
12609.375	0.48049373733294987
12656.25	0.47930766110661394
12703.125	0.47760722318575222
12750	0.476610713761977
12796.875	0.47497563991991976
12843.75	0.47355460025478407
12890.625	0.4723270456730928
12937.5	0.47115452026780008
12984.375	0.46986065980030345
13031.25	0.4684670305797764
13078.125	0.46745525487736406
13125	0.46597033681572148
13171.875	0.46470006833047217
13218.75	0.46334799770949492
13265.625	0.46251424781693479
13312.5	0.46101161824121961
13359.375	0.46002705480034439
13406.25	0.45864414903802642
13453.125	0.45758980187885862
13500	0.45627775468350357
13546.875	0.455125556103398
13593.75	0.45408985994971679
13640.625	0.45297862462963856
13687.5	0.45179415256910382
13734.375	0.45083542087942585
13781.25	0.44953493065104438
13828.125	0.44861915738099695
13875	0.44741076743278763
13921.875	0.4463412837604821
13968.75	0.44527688643746172
14015.625	0.44409635614266063
14062.5	0.44340902475149135
14109.375	0.44247814479012454
14156.25	0.44109259257567246
14203.125	0.44018619838034545
14250	0.43903989307357594
14296.875	0.43837632252108866
14343.75	0.43745615579272146
14390.625	0.43590340861463051
14437.5	0.43437771517110702
14484.375	0.43419157250449725
14531.25	0.43298704755413914
14578.125	0.43226293494772461
14625	0.43115530450895745
14671.875	0.43009011841310146
14718.75	0.42944510649310624
14765.625	0.42848187794622705
14812.5	0.42750404401604725
14859.375	0.42676399148088717
14906.25	0.42581804461774758
14953.125	0.42486022511036231
15000	0.4236549183343174
15046.875	0.42314820237553358
15093.75	0.42231865922374473
15140.625	0.42154010950031939
15187.5	0.42053058690456846
15234.375	0.41994089504071075
15281.25	0.41880950035870285
15328.125	0.41800673987805675
15375	0.41717111053712469
15421.875	0.41631296151714942
15468.75	0.41539953993182471
15515.625	0.41483928663385206
15562.5	0.41390136188736992
15609.375	0.41323844635856249
15656.25	0.41252060056148915
15703.125	0.4118363972170167
15750	0.41078396162111552
15796.875	0.41001262957344897
15843.75	0.40930674978708192
15890.625	0.40847830326486456
15937.5	0.40766265048687661
15984.375	0.40725090007585407
16031.25	0.40612882233994468
16078.125	0.40586931689752276
16125	0.40507742346428349
16171.875	0.40443581172256343
16218.75	0.40335261114127241
16265.625	0.40241016188567852
16312.5	0.40242091689520471
16359.375	0.40181463469433126
16406.25	0.40096801227298851
16453.125	0.40015118796254656
16500	0.3997805636740242
16546.875	0.39866412253092326
16593.75	0.39790796303129522
16640.625	0.39758820934695738
16687.5	0.39688015929563325
16734.375	0.3961577093223857
16781.25	0.39587552698719475
16828.125	0.39533897058120493
16875	0.39433629791333796
16921.875	0.39386716613945733
16968.75	0.39321846293002599
17015.625	0.39261496448585165
17062.5	0.39207432181701374
17109.375	0.39139608763871114
17156.25	0.39064570178037566
17203.125	0.3902426254308633
17250	0.38969277481525799
17296.875	0.38903578823734325
17343.75	0.3886219653469884
17390.625	0.38815232398853006
17437.5	0.38742267397021057
17484.375	0.38676327912428277
17531.25	0.38628742751611761
17578.125	0.38598947787953253
17625	0.38534772907612519
17671.875	0.38477570076660705
17718.75	0.38424104951171706
17765.625	0.38369629787365234
17812.5	0.38306999225666144
17859.375	0.38244532767066675
17906.25	0.38238399657459793
17953.125	0.38154365404449531
18000	0.38136032481351795
18046.875	0.38076723748902325
18093.75	0.38024072709797024
18140.625	0.37996779479498999
18187.5	0.37932019264881572
18234.375	0.3789579990323198
18281.25	0.37857881939320959
18328.125	0.37815421877539362
18375	0.3770734937682641
18421.875	0.37687744753296121
18468.75	0.37668819041238599
18515.625	0.37627978219566866
18562.5	0.37577351520530694
18609.375	0.37532466299981249
18656.25	0.37493815331705899
18703.125	0.37435584063627214
18750	0.37390597000680281
18796.875	0.37363968073275794
18843.75	0.37326014889030978
18890.625	0.37285403895091968
18937.5	0.37258942346762297
18984.375	0.37241243613770397
19031.25	0.37151457214889705
19078.125	0.37113667041330112
19125	0.37086853034742523
19171.875	0.37032269554523645
19218.75	0.37001263499680209
19265.625	0.36972201712711256
19312.5	0.36913339717140575
19359.375	0.36912194100572782
19406.25	0.36864718121575929
19453.125	0.36838492046237731
19500	0.36806823127823263
19546.875	0.36773898144417788
19593.75	0.36736324288875088
19640.625	0.36711356337266488
19687.5	0.36685396522354558
19734.375	0.36597527471193569
19781.25	0.36625353515215697
19828.125	0.36541389263629398
19875	0.3655223173410162
19921.875	0.36501556865042817
19968.75	0.36468329077424894
20015.625	0.36464995415731932
20062.5	0.3637720376581699
20109.375	0.3638104945994185
20156.25	0.36335628253019547
20203.125	0.3631579026514602
20250	0.36295157456565641
20296.875	0.36238457072498564
20343.75	0.36225880133317112
20390.625	0.36207519653032189
20437.5	0.36178427022209753
20484.375	0.36157188831226661
20531.25	0.36111559272341243
20578.125	0.36093213341345565
20625	0.36074468091001799
20671.875	0.36066115596217679
20718.75	0.36013203723226511
20765.625	0.35991782077617213
20812.5	0.35952280178351759
20859.375	0.35978801071530514
20906.25	0.35888534631221197
20953.125	0.35944716111093372
21000	0.35904236147084034
21046.875	0.3588009509119785
21093.75	0.35831312251227188
21140.625	0.35806722493636761
21187.5	0.35819841712381295
21234.375	0.35788160764296872
21281.25	0.35775948403936497
21328.125	0.35745088399992325
21375	0.35745624629331668
21421.875	0.35683271990259013
21468.75	0.35658374455178471
21515.625	0.35668770427226942
21562.5	0.35643048967585644
21609.375	0.35610016549418738
21656.25	0.35652299050454367
21703.125	0.35593749335825375
21750	0.35601289887551157
21796.875	0.3556988561411023
21843.75	0.3555971831096596
21890.625	0.35556693365178349
21937.5	0.35528683688323182
21984.375	0.35516948189583752
22031.25	0.35527262909164126
22078.125	0.35466610317527397
22125	0.35447737289871017
22171.875	0.35428592208577736
22218.75	0.35456239083158397
22265.625	0.35398895044175693
22312.5	0.35433860176038795
22359.375	0.35404382310187055
22406.25	0.35380331437384815
22453.125	0.35425822723206019
22500	0.35364594110022235
22546.875	0.35373076496495826
22593.75	0.3532713462600181
22640.625	0.35343014296179048
22687.5	0.35355015660536865
22734.375	0.35304632249708429
22781.25	0.35367132409574759
22828.125	0.3533630677033327
22875	0.35311076064111502
22921.875	0.35295226862773249
22968.75	0.35289782514187401
23015.625	0.35278900505679595
23062.5	0.3527358791652066
23109.375	0.3526452998838443
23156.25	0.35259181792443983
23203.125	0.35262248861317325
23250	0.35192054085291885
23296.875	0.35200479897288839
23343.75	0.35270437182689812
23390.625	0.35223687476248389
23437.5	0.35240282796445938
23484.375	0.3522018826263496
23531.25	0.35218239785690231
23578.125	0.35233451528092968
23625	0.35220464586190736
23671.875	0.35228336567803115
23718.75	0.35223465741801752
23765.625	0.35242867927721139
23812.5	0.35144503672235539
23859.375	0.35206963492219229
23906.25	0.3518531369171623
23953.125	0.35197299606977145
24000	0.351898193359375
24046.875	0.35197299607005561
24093.75	0.35185313691746062
24140.625	0.35206963492249749
24187.5	0.35144503672269223
24234.375	0.35242867927760113
24281.25	0.35223465741847743
24328.125	0.35228336567865304
24375	0.35220464586290906
24421.875	0.35233451528433718
24468.75	0.35218239785493571
24515.625	0.35220188262564239
24562.5	0.3524028279640401
24609.375	0.35223687476220195
24656.25	0.35270437182668812
24703.125	0.3520047989727258
24750	0.35192054085278535
24796.875	0.35262248861306239
24843.75	0.35259181792434507
24890.625	0.35264529988376514
24937.5	0.35273587916513538
24984.375	0.35278900505673927
25031.25	0.35289782514181778
25078.125	0.35295226862769313
25125	0.35311076064107649
25171.875	0.35336306770329418
25218.75	0.35367132409571389
25265.625	0.35304632249705309
25312.5	0.35355015660534261
25359.375	0.35343014296176917
25406.25	0.35327134625999496
25453.125	0.3537307649649386
25500	0.35364594110020248
25546.875	0.3542582272320341
25593.75	0.35380331437382828
25640.625	0.35404382310185256
25687.5	0.35433860176037102
25734.375	0.35398895044174294
25781.25	0.35456239083156804
25828.125	0.3542859220857722
25875	0.3544773728986963
25921.875	0.35466610317525732
25968.75	0.3552726290916296
26015.625	0.35516948189582975
26062.5	0.35528683688322366
26109.375	0.35556693365177566
26156.25	0.35559718310965155
26203.125	0.35569885614109864
26250	0.35601289887550619
26296.875	0.35593749335824448
26343.75	0.35652299050453984
26390.625	0.35610016549418311
26437.5	0.35643048967584962
26484.375	0.35668770427226504
26531.25	0.35658374455178116
26578.125	0.35683271990260174
26625	0.35745624629331713
26671.875	0.35745088399992625
26718.75	0.35775948403936625
26765.625	0.35788160764296895
26812.5	0.35819841712381273
26859.375	0.35806722493636794
26906.25	0.35831312251227182
26953.125	0.35880095091197345
27000	0.35904236147083918
27046.875	0.35944716111092656
27093.75	0.35888534631220853
27140.625	0.35978801071530137
27187.5	0.35952280178351426
27234.375	0.35991782077617096
27281.25	0.36013203723226528
27328.125	0.36066115596217585
27375	0.36074468091001416
27421.875	0.36093213341344188
27468.75	0.36111559272341148
27515.625	0.36157188831226927
27562.5	0.36178427022209958
27609.375	0.36207519653032322
27656.25	0.36225880133316968
27703.125	0.36238457072498953
27750	0.36295157456565702
27796.875	0.36315790265146169
27843.75	0.36335628253019692
27890.625	0.36381049459942105
27937.5	0.36377203765817007
27984.375	0.3646499541573211
28031.25	0.36468329077424527
28078.125	0.36501556865043761
28125	0.36552231734101903
28171.875	0.36541389263629215
28218.75	0.36625353515215714
28265.625	0.36597527471194002
28312.5	0.36685396522354752
28359.375	0.36711356337266793
28406.25	0.36736324288875161
28453.125	0.3677389814441856
28500	0.36806823127823329
28546.875	0.36838492046236992
28593.75	0.36864718121575779
28640.625	0.36912194100572981
28687.5	0.36913339717140609
28734.375	0.36972201712710717
28781.25	0.37001263499680159
28828.125	0.37032269554522607
28875	0.37086853034742401
28921.875	0.37113667041329634
28968.75	0.37151457214890371
29015.625	0.37241243613770431
29062.5	0.37258942346762369
29109.375	0.37285403895091762
29156.25	0.3732601488903099
29203.125	0.37363968073275455
29250	0.37390597000680048
29296.875	0.37435584063626809
29343.75	0.37493815331705516
29390.625	0.37532466299980172
29437.5	0.3757735152052939
29484.375	0.37627978219563823
29531.25	0.37668819041230173
29578.125	0.37687744753307661
29625	0.37707349376830085
29671.875	0.37815421877542699
29718.75	0.37857881939323068
29765.625	0.37895799903233623
29812.5	0.37932019264883149
29859.375	0.3799677947950062
29906.25	0.38024072709798312
29953.125	0.38076723748903873
30000	0.38136032481351911
30046.875	0.38154365404447865
30093.75	0.38238399657458622
30140.625	0.38244532767065376
30187.5	0.38306999225664795
30234.375	0.38369629787363796
30281.25	0.38424104951169857
30328.125	0.38477570076658274
30375	0.38534772907608339
30421.875	0.38598947787940968
30468.75	0.38628742751620138
30515.625	0.38676327912431252
30562.5	0.38742267397022467
30609.375	0.3881523239885426
30656.25	0.3886219653469945
30703.125	0.38903578823734847
30750	0.38969277481526282
30796.875	0.39024262543086524
30843.75	0.39064570178037678
30890.625	0.3913960876387137
30937.5	0.39207432181701796
30984.375	0.39261496448585065
31031.25	0.39321846293002205
31078.125	0.39386716613946993
31125	0.39433629791334218
31171.875	0.39533897058120387
31218.75	0.39587552698720035
31265.625	0.39615770932238603
31312.5	0.39688015929563641
31359.375	0.39758820934696015
31406.25	0.39790796303129766
31453.125	0.39866412253093025
31500	0.39978056367402481
31546.875	0.4001511879625429
31593.75	0.40096801227298995
31640.625	0.40181463469433132
31687.5	0.40242091689520337
31734.375	0.40241016188568163
31781.25	0.40335261114127408
31828.125	0.4044358117225666
31875	0.40507742346428138
31921.875	0.40586931689751959
31968.75	0.40612882233994851
32015.625	0.40725090007585585
32062.5	0.4076626504868785
32109.375	0.40847830326486528
32156.25	0.40930674978708032
32203.125	0.41001262957344847
32250	0.41078396162111575
32296.875	0.41183639721701376
32343.75	0.41252060056148693
32390.625	0.41323844635856122
32437.5	0.41390136188736881
32484.375	0.41483928663385017
32531.25	0.41539953993180995
32578.125	0.41631296151713709
32625	0.41717111053712941
32671.875	0.41800673987805559
32718.75	0.41880950035870573
32765.625	0.41994089504071608
32812.5	0.42053058690457018
32859.375	0.42154010950032472
32906.25	0.42231865922374667
32953.125	0.42314820237554002
33000	0.42365491833431784
33046.875	0.42486022511036037
33093.75	0.42581804461774825
33140.625	0.42676399148088523
33187.5	0.42750404401604536
33234.375	0.42848187794622578
33281.25	0.42944510649310463
33328.125	0.43009011841309785
33375	0.43115530450895539
33421.875	0.43226293494772172
33468.75	0.43298704755415174
33515.625	0.43419157250449741
33562.5	0.43437771517110979
33609.375	0.43590340861463156
33656.25	0.43745615579272468
33703.125	0.43837632252108832
33750	0.43903989307357766
33796.875	0.44018619838034401
33843.75	0.4410925925756749
33890.625	0.44247814479012681
33937.5	0.44340902475149324
33984.375	0.4440963561426633
34031.25	0.44527688643746194
34078.125	0.4463412837604902
34125	0.44741076743279329
34171.875	0.44861915738100155
34218.75	0.44953493065104805
34265.625	0.45083542087942879
34312.5	0.45179415256910982
34359.375	0.45297862462964539
34406.25	0.45408985994972162
34453.125	0.45512555610340683
34500	0.45627775468350934
34546.875	0.45758980187886428
34593.75	0.45864414903802797
34640.625	0.46002705480034878
34687.5	0.46101161824122472
34734.375	0.46251424781694389
34781.25	0.46334799770950413
34828.125	0.46470006833047817
34875	0.46597033681573269
34921.875	0.46745525487737188
34968.75	0.46846703057980166
35015.625	0.46986065980032365
35062.5	0.47115452026782423
35109.375	0.47232704567311601
35156.25	0.47355460025481977
35203.125	0.47497563991995789
35250	0.47661071376202624
35296.875	0.47760722318581439
35343.75	0.47930766110669498
35390.625	0.48049373733305939
35437.5	0.48192044813383639
35484.375	0.48294817016483843
35531.25	0.48467926662454669
35578.125	0.48596828839208778
35625	0.48737575364113472
35671.875	0.48906682727876322
35718.75	0.49038286354804017
35765.625	0.49198153120262234
35812.5	0.49341893103608425
35859.375	0.49506879980615853
35906.25	0.49620141496536285
35953.125	0.49784294223747994
36000	0.49932338803724047
36046.875	0.50151416423028938
36093.75	0.50257173150574619
36140.625	0.50443527332848537
36187.5	0.50586763085248021
36234.375	0.50758049738687716
36281.25	0.50919044228802834
36328.125	0.51095694124612479
36375	0.51187171828300793
36421.875	0.51382676929044868
36468.75	0.51578920947540963
36515.625	0.51759957092125453
36562.5	0.51925380626094042
36609.375	0.52067065411089408
36656.25	0.52262848111643678
36703.125	0.52454273764399895
36750	0.52623435662395324
36796.875	0.52810075931014677
36843.75	0.53007383245785245
36890.625	0.53172368624433819
36937.5	0.53373458642969684
36984.375	0.535491163566572
37031.25	0.53753643905183279
37078.125	0.539330769075272
37125	0.54137963774918496
37171.875	0.54332944802890559
37218.75	0.54511897289809785
37265.625	0.54754902189169741
37312.5	0.54937245772582777
37359.375	0.55148990967441991
37406.25	0.55326692296325231
37453.125	0.55563177268426323
37500	0.55755132129995144
37546.875	0.55978010528080691
37593.75	0.56198047170423759
37640.625	0.56409137508652296
37687.5	0.56638571686560002
37734.375	0.56847322046584292
37781.25	0.57087778451028726
37828.125	0.57289173521552739
37875	0.5752146952383278
37921.875	0.57763585612253521
37968.75	0.57959715618046004
38015.625	0.58218394731700895
38062.5	0.58478025789648436
38109.375	0.58704623292148006
38156.25	0.58962452671217125
38203.125	0.59195242639330092
38250	0.59449250352951466
38296.875	0.59704484772164168
38343.75	0.59956666801404046
38390.625	0.60212287680531018
38437.5	0.60468525746178603
38484.375	0.60733778490079326
38531.25	0.61026768585688873
38578.125	0.61269009302360511
38625	0.61565858164941645
38671.875	0.61816290323789769
38718.75	0.62112417878972903
38765.625	0.62393080235911802
38812.5	0.62688506758981744
38859.375	0.62925396042051907
38906.25	0.63240445949659718
38953.125	0.6353672117830107
39000	0.63817671860576031
39046.875	0.64143403607590421
39093.75	0.6443405985733669
39140.625	0.64752374013847802
39187.5	0.6505126089496186
39234.375	0.65347632267518807
39281.25	0.65687540429849789
39328.125	0.66035113575813909
39375	0.66328645224605132
39421.875	0.66706268456667273
39468.75	0.67019219670339292
39515.625	0.67362709118675568
39562.5	0.6779770262941327
39609.375	0.68063480231689089
39656.25	0.68388232237935753
39703.125	0.68750494050076527
39750	0.69116203364362339
39796.875	0.69470245092923633
39843.75	0.69861228486310911
39890.625	0.70198254353976253
39937.5	0.7061973971028197
39984.375	0.70962448630136499
40031.25	0.71349214869702582
40078.125	0.71770558191398215
40125	0.72191097906908253
40171.875	0.72590392529399805
40218.75	0.72943244573236665
40265.625	0.7338285843453608
40312.5	0.73806502058020851
40359.375	0.74217831285065461
40406.25	0.74679867534206368
40453.125	0.75071585713455502
40500	0.75535001704688975
40546.875	0.76001850782542879
40593.75	0.76437164923381007
40640.625	0.7691530692899391
40687.5	0.77413339315882201
40734.375	0.77869330998094588
40781.25	0.78337216266233978
40828.125	0.78839213891184612
40875	0.79322267232806076
40921.875	0.79866906311085561
40968.75	0.80329363868009784
41015.625	0.80905703298177178
41062.5	0.81398765444336585
41109.375	0.81935023855672995
41156.25	0.8251851303569433
41203.125	0.83029271632499058
41250	0.83462567326776183
41296.875	0.84101892174882276
41343.75	0.84712204019594206
41390.625	0.85289514110463061
41437.5	0.85886996130676085
41484.375	0.86466630819145363
41531.25	0.87094271356610753
41578.125	0.87713553456903282
41625	0.88341283902648648
41671.875	0.88984517031132204
41718.75	0.89623876926010082
41765.625	0.90293573041956343
41812.5	0.91000257418175201
41859.375	0.91667405030937699
41906.25	0.92359172523841726
41953.125	0.93034597576861466
42000	0.93793271681163115
42046.875	0.94551526976246447
42093.75	0.95277644701168029
42140.625	0.96011896947071307
42187.5	0.9679414036934183
42234.375	0.97576291340038368
42281.25	0.98423908969638862
42328.125	0.99207951207939515
42375	0.9998966365216797
42421.875	1.0086116635241353
42468.75	1.0171529581293832
42515.625	1.0255373955996354
42562.5	1.0350392219178723
42609.375	1.0433606590017559
42656.25	1.0532656621983039
42703.125	1.0623317300278869
42750	1.0721338155587274
42796.875	1.0820031963581893
42843.75	1.0922869875761976
42890.625	1.1023305059617559
42937.5	1.1126765240068885
42984.375	1.123290710599574
43031.25	1.1342312932560317
43078.125	1.1456928123723977
43125	1.1565148067865416
43171.875	1.1684649442630182
43218.75	1.1800568507970113
43265.625	1.1921942231632698
43312.5	1.2042634269186439
43359.375	1.2172683872279777
43406.25	1.2302313344253801
43453.125	1.2433953937558422
43500	1.2567730232379164
43546.875	1.2706188838854211
43593.75	1.2848310601719615
43640.625	1.2990879051692183
43687.5	1.3141295293335551
43734.375	1.3298511031968394
43781.25	1.3452350712532875
43828.125	1.3613006875141216
43875	1.3780991597143402
43921.875	1.3943933667031545
43968.75	1.4122338257107803
44015.625	1.4296378955353535
44062.5	1.4478946474036112
44109.375	1.4666710808031247
44156.25	1.4859417458657735
44203.125	1.5054141333888362
44250	1.5261667733430133
44296.875	1.5472412408693836
44343.75	1.568813576423983
44390.625	1.5911974897676695
44437.5	1.6145436926046171
44484.375	1.6377708187716891
44531.25	1.6621221622501723
44578.125	1.6875002810985869
44625	1.7133009194789193
44671.875	1.7404475231665559
44718.75	1.7680512329189906
44765.625	1.7974166820707722
44812.5	1.8266570835688212
44859.375	1.857980853348199
44906.25	1.8897353769114
44953.125	1.9228844165992955
45000	1.9573897635203319
45046.875	1.9930378513186155
45093.75	2.0302966773758566
45140.625	2.0690121961508035
45187.5	2.1091505006736813
45234.375	2.1510253290701318
45281.25	2.1951121886384133
45328.125	2.2394972510006528
45375	2.2879368302407674
45421.875	2.3385055195631876
45468.75	2.3906494199820347
45515.625	2.445425020214655
45562.5	2.5018299943218802
45609.375	2.5634315180326968
45656.25	2.6266479751397567
45703.125	2.6938814202198058
45750	2.7647036075678297
45796.875	2.8393860819483465
45843.75	2.9183773542963585
45890.625	3.0032920474210689
45937.5	3.0916549648734533
45984.375	3.1863911511863052
46031.25	3.2872133044560088
46078.125	3.3953509352563378
46125	3.5120702795900498
46171.875	3.6352494090961969
46218.75	3.7686257331265121
46265.625	3.9126357700399739
46312.5	4.0685558760490688
46359.375	4.2373450439695564
46406.25	4.4218725829889625
46453.125	4.6233005284972766
46500	4.8441679770037505
46546.875	5.0874319143239317
46593.75	5.356655375176234
46640.625	5.6565432426735223
46687.5	5.9911787482951819
46734.375	6.3682392759884063
46781.25	6.7959384983726112
46828.125	7.2827033654217903
46875	7.8431024192831815
46921.875	8.493597149845634
46968.75	9.2571204278188226
47015.625	10.163407968350702
47062.5	11.255937218144707
47109.375	12.593816412268701
47156.25	14.26572282603192
47203.125	16.407321533534045
47250	19.23602897844874
47296.875	23.126556822415182
47343.75	28.779806364313107
47390.625	37.67271407388278
47437.5	53.550697677812416
47484.375	89.450372594367309
47531.25	243.45423357122215
47578.125	401.06202245029402
47625	116.63144457847262
47671.875	70.997543746695612
47718.75	52.692325928151803
47765.625	43.089209191004564
47812.5	37.408737383271323
47859.375	33.883083232711009
47906.25	31.721890730942402
47953.125	30.544997650075789
