0	1.0786163628928591e-13
2.0833333333333333e-05	0.057556152343861883
4.1666666666666665e-05	0.11492919921885376
6.2500000000000001e-05	0.17190551757808067
8.3333333333333331e-05	0.22833251953129011
0.00010416666666666666	0.28399658203129896
0.000125	0.33871459960946376
0.00014583333333333332	0.39233398437505729
0.00016666666666666666	0.44461059570314848
0.0001875	0.49545288085928474
0.00020833333333333332	0.54461669921878997
0.00022916666666666666	0.59201049804686467
0.00025000000000000001	0.63742065429690542
0.00027083333333333332	0.68069458007810679
0.00029166666666666664	0.72174072265622646
0.00031250000000000001	0.76037597656241984
0.00033333333333333332	0.79650878906238576
0.00035416666666666664	0.82998657226555017
0.00037500000000000001	0.86071777343749822
0.00039583333333333332	0.88861083984371647
0.00041666666666666664	0.91354370117172812
0.00043750000000000001	0.93542480468747002
0.00045833333333333332	0.95422363281235423
0.00047916666666666664	0.96984863281232025
0.00050000000000000001	0.98226928710923145
0.00052083333333333333	0.99142456054691586
0.00054166666666666664	0.99731445312503442
0.00056249999999999996	0.99984741210930239
0.00058333333333333327	0.99911499023433981
0.0006041666666666667	0.99502563476560779
0.00062500000000000001	0.98767089843741451
0.00064583333333333333	0.97702026367177741
0.00066666666666666664	0.96313476562479705
0.00068749999999999996	0.94607543945303407
0.00070833333333333328	0.92584228515619738
0.00072916666666666659	0.90255737304680894
0.00075000000000000002	0.87628173828118816
0.00077083333333333333	0.84710693359363098
0.00079166666666666665	0.81512451171876332
0.00081249999999999996	0.78042602539054207
0.00083333333333333328	0.74313354492173067
0.00085416666666666659	0.70336914062491451
0.00087500000000000002	0.66128540039054939
0.00089583333333333333	0.61703491210927341
0.00091666666666666665	0.57070922851552308
0.00093749999999999997	0.52249145507805039
0.00095833333333333328	0.47253417968739092
0.0009791666666666666	0.42102050781240552
0.001	0.36810302734363043
0.0010208333333333332	0.31396484374987438
0.0010416666666666667	0.25878906249986167
0.0010624999999999999	0.20275878906246009
0.0010833333333333333	0.14605712890622291
0.0011041666666666667	0.088867187500036374
0.0011249999999999999	0.031402587890600034
0.0011458333333333333	-0.026184082031332278
0.0011666666666666665	-0.08367919921879656
0.0011875	-0.14093017578115474
0.0012083333333333334	-0.19766235351563466
0.0012291666666666666	-0.25378417968750666
0.00125	-0.30902099609370143
0.0012708333333333332	-0.36328124999995737
0.0012916666666666667	-0.41629028320306039
0.0013124999999999999	-0.46795654296878819
0.0013333333333333333	-0.51803588867186379
0.0013541666666666667	-0.56640624999996581
0.0013749999999999999	-0.6129150390623912
0.0013958333333333333	-0.65737915039044204
0.0014166666666666666	-0.6996765136717058
0.0014375	-0.73965454101565198
0.0014583333333333332	-0.77716064453112021
0.0014791666666666666	-0.81210327148437467
0.0015	-0.84432983398424477
0.0015208333333333332	-0.87377929687501388
0.0015416666666666667	-0.90032958984368416
0.0015624999999999999	-0.92388916015608391
0.0015833333333333333	-0.94439697265614808
0.0016041666666666667	-0.96176147460922445
0.0016249999999999999	-0.97592163085924066
0.0016458333333333333	-0.98687744140607847
0.0016666666666666666	-0.99453735351550843
0.0016875	-0.9989013671873298
0.0017083333333333332	-0.99996948242171957
0.0017291666666666666	-0.99771118164050698
0.00175	-0.99212646484374933
0.0017708333333333332	-0.98327636718745748
0.0017916666666666667	-0.97116088867186634
0.0018124999999999999	-0.95581054687489719
0.0018333333333333333	-0.93728637695295736
0.0018541666666666665	-0.91567993164048267
0.0018749999999999999	-0.89102172851545192
0.0018958333333333334	-0.86340332031233524
0.0019166666666666666	-0.83294677734369993
0.0019375	-0.79971313476551031
0.0019583333333333332	-0.76382446289056805
0.0019791666666666664	-0.72540283203120592
0.002	-0.6845703124999063
0.0020208333333333332	-0.64147949218746747
0.0020416666666666665	-0.59625244140611589
0.0020625000000000001	-0.54904174804669581
0.0020833333333333333	-0.49999999999986183
0.0021041666666666665	-0.44934082031239436
0.0021249999999999997	-0.39715576171867445
0.0021458333333333334	-0.34368896484369277
0.0021666666666666666	-0.2890319824216509
0.0021874999999999998	-0.23345947265627562
0.0022083333333333334	-0.17709350585920972
0.0022291666666666666	-0.12014770507803628
0.0022499999999999998	-0.062805175781150135
0.0022708333333333335	-0.0052490234373638277
0.0022916666666666667	0.052307128906321949
0.0023124999999999999	0.10971069335943191
0.0023333333333333331	0.16674804687493955
0.0023541666666666667	0.22323608398436948
0.0023749999999999999	0.27896118164063077
0.0023958333333333331	0.33380126953126038
0.0024166666666666668	0.38751220703125555
0.0024375	0.43991088867178851
0.0024583333333333332	0.49087524414057138
0.0024791666666666664	0.54022216796883504
0.0025000000000000001	0.58776855468745515
0.0025208333333333333	0.63336181640619893
0.0025416666666666665	0.67684936523439121
0.0025625000000000001	0.71810913085930173
0.0025833333333333333	0.75698852539047923
0.0026041666666666665	0.79333496093736944
0.0026249999999999997	0.82705688476554484
0.0026458333333333334	0.85806274414056705
0.0026666666666666666	0.88619995117183903
0.0026874999999999998	0.91137695312498945
0.0027083333333333334	0.93356323242183659
0.0027291666666666666	0.95263671874993006
0.0027499999999999998	0.96856689453122857
0.002770833333333333	0.98126220703121581
0.0027916666666666667	0.99072265624983769
0.0028124999999999999	0.99688720703116795
0.0028333333333333331	0.99975585937493561
0.0028541666666666667	0.99929809570303785
0.002875	0.99554443359358968
0.0028958333333333332	0.98846435546859523
0.0029166666666666664	0.97811889648431238
0.0029375	0.96453857421855682
0.0029583333333333332	0.94775390625001676
0.0029791666666666664	0.92782592773434602
0.0030000000000000001	0.90481567382802486
0.0030208333333333333	0.87881469726561168
0.0030416666666666665	0.84988403320309847
0.0030624999999999997	0.81814575195316408
0.0030833333333333333	0.78369140624999267
0.0031041666666666665	0.74661254882801775
0.0031249999999999997	0.70709228515626754
0.0031458333333333334	0.6652221679686926
0.0031666666666666666	0.62112426757795902
0.0031874999999999998	0.57498168945303718
0.0032083333333333334	0.5269470214843075
0.0032291666666666666	0.47714233398429579
0.0032499999999999999	0.42575073242184525
0.0032708333333333331	0.37298583984364164
0.0032916666666666667	0.31893920898439887
0.0033124999999999999	0.26385498046872174
0.0033333333333333331	0.20788574218751399
0.0033541666666666668	0.15124511718746422
0.003375	0.094085693359341235
0.0033958333333333332	0.036621093749944766
0.0034166666666666664	-0.020965576171978528
0.0034375	-0.078460693359518802
0.0034583333333333332	-0.13574218750018721
0.0034791666666666664	-0.19253540039073486
0.0035000000000000001	-0.2487182617188273
0.0035208333333333333	-0.30404663085939343
0.0035416666666666665	-0.35839843750002337
0.0035624999999999997	-0.41152954101553613
0.0035833333333333333	-0.46331787109360295
0.0036041666666666665	-0.5135498046874486
0.0036249999999999998	-0.56210327148429506
0.0036458333333333334	-0.60876464843746425
0.0036666666666666666	-0.65344238281244216
0.0036874999999999998	-0.69592285156251499
0.003708333333333333	-0.73611450195312533
0.0037291666666666667	-0.77386474609364997
0.0037499999999999999	-0.8090209960937419
0.0037708333333333331	-0.84152221679685646
0.0037916666666666667	-0.87121582031237443
0.0038124999999999999	-0.89804077148427697
0.0038333333333333331	-0.92187499999990452
0.0038541666666666663	-0.94265747070299954
0.003875	-0.96029663085940653
0.0038958333333333332	-0.9747619628905565
0.0039166666666666664	-0.98602294921850653
0.0039375	-0.99398803710922901
0.0039583333333333328	-0.99865722656250144
0.0039791666666666664	-1.0000000000000084
0.0040000000000000001	-0.99804687499993072
0.0040208333333333329	-0.99276733398429129
0.0040416666666666665	-0.98422241210932926
0.0040625000000000001	-0.97238159179679862
0.0040833333333333329	-0.95733642578115252
0.0041041666666666666	-0.93911743164049621
0.0041250000000000002	-0.91775512695302863
0.004145833333333333	-0.89337158203113454
0.0041666666666666666	-0.86602783203116607
0.0041875000000000002	-0.83581542968746358
0.004208333333333333	-0.80282592773423422
0.0042291666666666667	-0.76718139648428407
0.0042499999999999994	-0.72897338867180839
0.0042708333333333331	-0.68838500976551531
0.0042916666666666667	-0.64547729492189421
0.0043124999999999995	-0.60043334960929318
0.0043333333333333331	-0.55340576171860856
0.0043541666666666668	-0.50454711914057038
0.0043749999999999995	-0.45401000976548028
0.0043958333333333332	-0.40197753906243366
0.0044166666666666668	-0.34860229492171013
0.0044374999999999996	-0.29406738281245909
0.0044583333333333332	-0.23855590820308484
0.0044791666666666669	-0.18225097656243294
0.0044999999999999997	-0.12533569335924383
0.0045208333333333333	-0.068023681640612746
0.0045416666666666669	-0.010498046874933631
0.0045624999999999997	0.047088623046904275
0.0045833333333333334	0.1045227050781382
0.0046041666666666661	0.16159057617191863
0.0046249999999999998	0.21813964843750736
0.0046458333333333334	0.2739562988281386
0.0046666666666666662	0.32885742187509398
0.0046874999999999998	0.38265991210945477
0.0047083333333333335	0.43521118164061839
0.0047291666666666662	0.48632812500005806
0.0047499999999999999	0.53579711914070716
0.0047708333333333335	0.58352661132821237
0.0047916666666666663	0.62930297851559369
0.0048124999999999999	0.67300415039065375
0.0048333333333333336	0.71444702148430772
0.0048541666666666664	0.75354003906239453
0.004875	0.79013061523428019
0.0048958333333333328	0.82409667968748546
0.0049166666666666664	0.85534667968753075
0.0049375	0.88375854492171135
0.0049583333333333328	0.90921020507799655
0.0049791666666666665	0.93167114257808337
0.0050000000000000001	0.95104980468737521
0.0050208333333333329	0.96725463867178385
0.0050416666666666665	0.98025512695300587
0.0050625000000000002	0.99002075195308026
0.0050833333333333329	0.99649047851562389
0.0051041666666666666	0.99963378906241573
0.0051250000000000002	0.9994812011718176
0.005145833333333333	0.99603271484367795
0.0051666666666666666	0.98925781249982558
0.0051874999999999994	0.97921752929685724
0.005208333333333333	0.96591186523449057
0.0052291666666666667	0.94940185546872624
0.0052499999999999995	0.92974853515626377
0.0052708333333333331	0.90704345703117095
0.0052916666666666667	0.8812866210936976
0.0053124999999999995	0.85263061523417305
0.0053333333333333332	0.82113647460928507
0.0053541666666666668	0.78692626953118017
0.0053749999999999996	0.75009155273429529
0.0053958333333333332	0.71078491210925265
0.0054166666666666669	0.66912841796867506
0.0054374999999999996	0.62521362304672878
0.0054583333333333333	0.57925415039043249
0.0054791666666666669	0.5313720703124909
0.0054999999999999997	0.48175048828118738
0.0055208333333333333	0.43048095703117939
0.0055416666666666661	0.37783813476546979
0.0055624999999999997	0.32391357421861738
0.0055833333333333334	0.26889038085929284
0.0056041666666666662	0.21301269531239386
0.0056249999999999998	0.15643310546877978
0.0056458333333333334	0.099304199218683109
0.0056666666666666662	0.041870117187496621
0.0056874999999999998	-0.015716552734414951
0.0057083333333333335	-0.073242187499944794
0.0057291666666666663	-0.13055419921876663
0.0057499999999999999	-0.18740844726563685
0.0057708333333333335	-0.24362182617183653
0.0057916666666666663	-0.29904174804700751
0.0058125	-0.35348510742189138
0.0058333333333333327	-0.40673828125002154
0.0058541666666666664	-0.45867919921871714
0.005875	-0.50906372070303596
0.0058958333333333328	-0.55776977539059414
0.0059166666666666664	-0.60461425781253864
0.0059375000000000001	-0.64947509765615408
0.0059583333333333328	-0.69216918945304762
0.0059791666666666665	-0.73254394531259825
0.0060000000000000001	-0.77053833007815731
0.0060208333333333329	-0.80593872070299966
0.0060416666666666665	-0.83868408203109857
0.0060625000000000002	-0.86865234374984701
0.006083333333333333	-0.89572143554674311
0.0061041666666666666	-0.91983032226556449
0.0061249999999999994	-0.94088745117184969
0.006145833333333333	-0.95883178710936923
0.0061666666666666667	-0.97360229492176009
0.0061874999999999994	-0.98513793945302397
0.0062083333333333331	-0.99337768554687278
0.0062291666666666667	-0.99835205078110045
0.0062499999999999995	-0.99999999999988931
0.0062708333333333331	-0.99835205078117362
0.0062916666666666668	-0.99337768554678973
0.0063124999999999995	-0.98513793945317973
0.0063333333333333332	-0.97360229492177652
0.0063541666666666668	-0.95883178710930383
0.0063749999999999996	-0.9408874511717733
0.0063958333333333332	-0.91983032226566597
0.0064166666666666669	-0.89572143554688333
0.0064374999999999996	-0.86865234374997646
0.0064583333333333333	-0.83868408203125888
0.0064791666666666661	-0.80593872070309469
0.0064999999999999997	-0.77053833007804329
0.0065208333333333333	-0.73254394531238987
0.0065416666666666661	-0.69216918945308481
0.0065624999999999998	-0.64947509765617739
0.0065833333333333334	-0.60461425781246325
0.0066041666666666662	-0.55776977539056405
0.0066249999999999998	-0.50906372070302641
0.0066458333333333335	-0.45867919921868994
0.0066666666666666662	-0.40673828124995931
0.0066874999999999999	-0.3534851074217773
0.0067083333333333335	-0.29904174804682121
0.0067291666666666663	-0.24362182617186776
0.0067499999999999999	-0.18740844726561892
0.0067708333333333327	-0.13055419921868128
0.0067916666666666663	-0.073242187500009062
0.0068125	-0.01571655273443822
0.0068333333333333328	0.041870117187576078
0.0068541666666666664	0.099304199218676989
0.006875	0.15643310546877498
0.0068958333333333328	0.21301269531259504
0.0069166666666666664	0.26889038085941258
0.0069375000000000001	0.32391357421866868
0.0069583333333333329	0.37783813476548184
0.0069791666666666665	0.4304809570311966
0.0070000000000000001	0.48175048828118594
0.0070208333333333329	0.53137207031242706
0.0070416666666666666	0.57925415039070083
0.0070624999999999993	0.62521362304680106
0.007083333333333333	0.66912841796862854
0.0071041666666666666	0.71078491210927364
0.0071249999999999994	0.75009155273428929
0.007145833333333333	0.78692626953130052
0.0071666666666666667	0.82113647460943195
0.0071874999999999994	0.85263061523430794
0.0072083333333333331	0.88128662109363931
0.0072291666666666667	0.90704345703115041
0.0072499999999999995	0.92974853515607014
0.0072708333333333331	0.94940185546857403
0.0072916666666666668	0.96591186523415729
0.0073124999999999996	0.97921752929681971
0.0073333333333333332	0.98925781249991673
0.0073541666666666668	0.99603271484381251
0.0073749999999999996	0.99948120117192396
0.0073958333333333333	0.99963378906238676
0.007416666666666666	0.99649047851547512
0.0074374999999999997	0.99002075195309425
0.0074583333333333333	0.98025512695301531
0.0074791666666666661	0.96725463867179107
0.0074999999999999997	0.95104980468738143
0.0075208333333333334	0.93167114257805494
0.0075416666666666661	0.90921020507812245
0.0075624999999999998	0.88375854492174377
0.0075833333333333334	0.85534667968745526
0.0076041666666666662	0.82409667968751021
0.0076249999999999998	0.79013061523440897
0.0076458333333333335	0.75354003906260414
0.0076666666666666662	0.71444702148431161
0.0076874999999999999	0.67300415039060058
0.0077083333333333327	0.62930297851554196
0.0077291666666666663	0.58352661132804817
0.0077499999999999999	0.53579711914057715
0.0077708333333333327	0.48632812499991912
0.0077916666666666664	0.43521118164061301
0.0078125	0.38265991210935585
0.0078333333333333328	0.32885742187484446
0.0078541666666666655	0.27395629882798811
0.0078750000000000001	0.21813964843744296
0.0078958333333333328	0.16159057617192341
0.0079166666666666656	0.10452270507810793
0.0079375000000000001	0.04708862304688842
0.0079583333333333329	-0.010498046874854415
0.0079791666666666657	-0.068023681640674419
0.0080000000000000002	-0.1253356933594503
0.0080208333333333329	-0.1822509765625078
0.0080416666666666657	-0.23855590820311384
0.0080625000000000002	-0.2940673828125227
0.008083333333333333	-0.34860229492174016
0.0081041666666666658	-0.40197753906263528
0.0081250000000000003	-0.45401000976568695
0.0081458333333333331	-0.5045471191405525
0.0081666666666666658	-0.55340576171869815
0.0081875000000000003	-0.60043334960920802
0.0082083333333333331	-0.64547729492176387
0.0082291666666666659	-0.68838500976548844
0.0082500000000000004	-0.72897338867183292
0.0082708333333333332	-0.76718139648435468
0.0082916666666666659	-0.80282592773430372
0.0083125000000000004	-0.83581542968745559
0.0083333333333333332	-0.86602783203129485
0.008354166666666666	-0.89337158203124223
0.0083750000000000005	-0.91775512695310035
0.0083958333333333333	-0.93911743164064054
0.008416666666666666	-0.95733642578114064
0.0084375000000000006	-0.97238159179681682
0.0084583333333333333	-0.98422241210930117
0.0084791666666666661	-0.99276733398436356
0.0084999999999999989	-0.99804687500002298
0.0085208333333333334	-0.9999999999998842
0.0085416666666666662	-0.99865722656240263
0.0085624999999999989	-0.99398803710929229
0.0085833333333333334	-0.98602294921873246
0.0086041666666666662	-0.97476196289046069
0.008624999999999999	-0.96029663085932648
0.0086458333333333335	-0.942657470703121
0.0086666666666666663	-0.9218750000000222
0.008687499999999999	-0.89804077148437556
0.0087083333333333336	-0.87121582031242972
0.0087291666666666663	-0.8415222167968226
0.0087499999999999991	-0.80902099609368672
0.0087708333333333336	-0.773864746093755
0.0087916666666666664	-0.73611450195308903
0.0088124999999999992	-0.69592285156239542
0.0088333333333333337	-0.65344238281246014
0.0088541666666666664	-0.60876464843746236
0.0088749999999999992	-0.56210327148431538
0.0088958333333333337	-0.51354980468745137
0.0089166666666666665	-0.46331787109382316
0.0089374999999999993	-0.41152954101551292
0.0089583333333333338	-0.35839843749999228
0.0089791666666666665	-0.30404663085935041
0.0089999999999999993	-0.24871826171875816
0.0090208333333333338	-0.19253540039052819
0.0090416666666666666	-0.13574218749998818
0.0090624999999999994	-0.078460693359337655
0.0090833333333333339	-0.020965576171666851
0.0091041666666666667	0.03662109375000433
0.0091249999999999994	0.09408569335931169
0.0091458333333333322	0.15124511718746994
0.0091666666666666667	0.20788574218745898
0.0091874999999999995	0.26385498046860811
0.0092083333333333323	0.31893920898429989
0.0092291666666666668	0.37298583984375566
0.0092499999999999995	0.4257507324218433
0.0092708333333333323	0.47714233398437178
0.0092916666666666668	0.52694702148431727
0.0093124999999999996	0.57498168945298722
0.0093333333333333324	0.62112426757795536
0.0093541666666666669	0.66522216796880984
0.0093749999999999997	0.7070922851562188
0.0093958333333333324	0.74661254882810768
0.0094166666666666669	0.78369140624995715
0.0094374999999999997	0.81814575195305861
0.0094583333333333325	0.84988403320299799
0.009479166666666667	0.87881469726550843
0.0094999999999999998	0.90481567382806671
0.0095208333333333325	0.92782592773422201
0.009541666666666667	0.9477539062499587
0.0095624999999999998	0.96453857421868705
0.0095833333333333326	0.9781188964843639
0.0096041666666666671	0.98846435546864508
0.0096249999999999999	0.99554443359368849
0.0096458333333333326	0.99929809570319028
0.0096666666666666672	0.99975585937497347
0.0096874999999999999	0.99688720703116707
0.0097083333333333327	0.99072265624993938
0.0097291666666666655	0.98126220703130429
0.00975	0.96856689453122813
0.0097708333333333328	0.95263671874996247
0.0097916666666666655	0.93356323242174311
0.0098125	0.9113769531248932
0.0098333333333333328	0.88619995117180317
0.0098541666666666656	0.85806274414050465
0.0098750000000000001	0.82705688476573469
0.0098958333333333329	0.79333496093760514
0.0099166666666666656	0.75698852539053496
0.0099375000000000002	0.71810913085923544
0.0099583333333333329	0.67684936523430095
0.0099791666666666657	0.63336181640627498
0.01	0.5877685546874204
0.010020833333333333	0.54022216796877565
0.010041666666666666	0.49087524414067929
0.0100625	0.43991088867188594
0.010083333333333333	0.38751220703122485
0.010104166666666666	0.33380126953127176
0.010125	0.27896118164071249
0.010145833333333333	0.22323608398448896
0.010166666666666666	0.16674804687500219
0.0101875	0.10971069335923628
0.010208333333333333	0.052307128906219802
0.010229166666666666	-0.0052490234375694861
0.01025	-0.062805175781315864
0.010270833333333333	-0.12014770507812383
0.010291666666666666	-0.17709350585938261
0.0103125	-0.23345947265627798
0.010333333333333333	-0.28903198242202549
0.010354166666666666	-0.34368896484374817
0.010374999999999999	-0.39715576171881067
0.010395833333333333	-0.44934082031248551
0.010416666666666666	-0.49999999999992295
0.010437499999999999	-0.54904174804688999
0.010458333333333333	-0.59625244140609013
0.010479166666666666	-0.64147949218756328
0.010499999999999999	-0.68457031249999556
0.010520833333333333	-0.72540283203117528
0.010541666666666666	-0.76382446289050976
0.010562499999999999	-0.79971313476548889
0.010583333333333333	-0.83294677734370071
0.010604166666666666	-0.86340332031263478
0.010624999999999999	-0.89102172851559591
0.010645833333333334	-0.91567993164054851
0.010666666666666666	-0.93728637695305272
0.010687499999999999	-0.95581054687489997
0.010708333333333334	-0.97116088867166284
0.010729166666666666	-0.98327636718733014
0.010749999999999999	-0.99212646484370359
0.010770833333333334	-0.99771118164061567
0.010791666666666666	-0.99996948242194572
0.010812499999999999	-0.99890136718747935
0.010833333333333334	-0.99453735351567185
0.010854166666666666	-0.98687744140624589
0.010874999999999999	-0.97592163085929751
0.010895833333333334	-0.96176147460929529
0.010916666666666667	-0.94439697265620826
0.010937499999999999	-0.92388916015614364
0.010958333333333334	-0.90032958984379563
0.010979166666666667	-0.87377929687506151
0.010999999999999999	-0.84432983398425432
0.011020833333333332	-0.81210327148433303
0.011041666666666667	-0.77716064453123856
0.011062499999999999	-0.73965454101558159
0.011083333333333332	-0.69967651367204831
0.011104166666666667	-0.65737915039061745
0.011124999999999999	-0.61291503906242406
0.011145833333333332	-0.56640624999999123
0.011166666666666667	-0.51803588867176253
0.0111875	-0.46795654296867123
0.011208333333333332	-0.41629028320297601
0.011229166666666667	-0.36328124999992817
0.01125	-0.3090209960937671
0.011270833333333332	-0.25378417968747435
0.011291666666666667	-0.19766235351558922
0.0113125	-0.14093017578113701
0.011333333333333332	-0.08367919921864253
0.011354166666666667	-0.026184082031162945
0.011375	0.031402587890652395
0.011395833333333332	0.088867187500025452
0.011416666666666667	0.14605712890618061
0.0114375	0.20275878906263922
0.011458333333333333	0.25878906250012412
0.011479166666666667	0.31396484374985778
0.0115	0.36810302734375033
0.011520833333333333	0.42102050781247535
0.011541666666666667	0.47253417968746519
0.0115625	0.52249145507810135
0.011583333333333333	0.57070922851576489
0.011604166666666667	0.61703491210940442
0.011625	0.66128540039053851
0.011645833333333333	0.70336914062483002
0.011666666666666665	0.74313354492185779
0.0116875	0.78042602539045935
0.011708333333333333	0.81512451171884859
0.011729166666666666	0.84710693359368316
0.01175	0.87628173828117439
0.011770833333333333	0.90255737304686967
0.011791666666666666	0.9258422851561382
0.0118125	0.94607543945298433
0.011833333333333333	0.96313476562486044
0.011854166666666666	0.97702026367183326
0.011875	0.98767089843737632
0.011895833333333333	0.99502563476547323
0.011916666666666666	0.99911499023430239
0.0119375	0.99984741210927464
0.011958333333333333	0.99731445312484135
0.011979166666666666	0.99142456054690031
0.012	0.98226928710935146
0.012020833333333333	0.96984863281258482
0.012041666666666666	0.95422363281238809
0.0120625	0.93542480468744893
0.012083333333333333	0.91354370117172923
0.012104166666666666	0.88861083984380562
0.012125	0.86071777343744016
0.012145833333333333	0.82998657226557382
0.012166666666666666	0.79650878906229428
0.0121875	0.76037597656247213
0.012208333333333333	0.72174072265624034
0.012229166666666666	0.68069458007803907
0.012249999999999999	0.63742065429702166
0.012270833333333333	0.5920104980467763
0.012291666666666666	0.54461669921869227
0.012312499999999999	0.4954528808593936
0.012333333333333333	0.44461059570312195
0.012354166666666666	0.39233398437482175
0.012374999999999999	0.33871459960939587
0.012395833333333333	0.2839965820312686
0.012416666666666666	0.22833251953130015
0.012437499999999999	0.17190551757812206
0.012458333333333333	0.11492919921863826
0.012479166666666666	0.057556152343735276
0.012499999999999999	-3.0517578095301534e-05
0.012520833333333333	-0.057586669921817213
0.012541666666666666	-0.11495971679703346
0.012562499999999999	-0.17193603515625069
0.012583333333333334	-0.22836303710925437
0.012604166666666666	-0.28402709960933614
0.012624999999999999	-0.33874511718737477
0.012645833333333334	-0.39236450195303912
0.012666666666666666	-0.44464111328114886
0.012687499999999999	-0.49548339843743022
0.012708333333333334	-0.54464721679690475
0.012729166666666666	-0.59204101562501876
0.012749999999999999	-0.63745117187497846
0.012770833333333334	-0.6807250976561543
0.012791666666666666	-0.7217712402343901
0.012812499999999999	-0.76040649414049333
0.012833333333333334	-0.79653930664056916
0.012854166666666667	-0.8300170898436533
0.012874999999999999	-0.8607482910154769
0.012895833333333332	-0.88864135742176331
0.012916666666666667	-0.91357421874996914
0.012937499999999999	-0.93545532226553929
0.012958333333333332	-0.9542541503905928
0.012979166666666667	-0.96987915039060502
0.012999999999999999	-0.98229980468750167
0.013020833333333332	-0.99145507812491862
0.013041666666666667	-0.99734497070306471
0.013062499999999999	-0.9998779296874436
0.013083333333333332	-0.99914550781235656
0.013104166666666667	-0.99505615234359568
0.013125	-0.98770141601557693
0.013145833333333332	-0.97705078124998301
0.013166666666666667	-0.9631652832030887
0.0131875	-0.94610595703111844
0.013208333333333332	-0.92587280273439965
0.013229166666666667	-0.90258789062488409
0.01325	-0.87631225585928829
0.013270833333333332	-0.84713745117177885
0.013291666666666667	-0.81515502929685812
0.0133125	-0.78045654296880285
0.013333333333333332	-0.74316406250011591
0.013354166666666667	-0.70339965820317796
0.013375	-0.66131591796854594
0.013395833333333333	-0.61706542968743583
0.013416666666666667	-0.57073974609368683
0.0134375	-0.52252197265612432
0.013458333333333333	-0.47256469726545453
0.013479166666666667	-0.42105102539061279
0.0135	-0.36813354492179379
0.013520833333333333	-0.31399536132814232
0.013541666666666665	-0.25881958007806949
0.0135625	-0.20278930664056072
0.013583333333333333	-0.14608764648449091
0.013604166666666665	-0.088897705078083894
0.013625	-0.031433105468779261
0.013645833333333333	0.026153564453112191
0.013666666666666666	0.083648681640739089
0.0136875	0.14089965820329192
0.013708333333333333	0.19763183593740508
0.013729166666666666	0.25375366210954287
0.01375	0.3089904785155923
0.013770833333333333	0.3632507324220014
0.013791666666666666	0.41625976562498662
0.0138125	0.46792602539058903
0.013833333333333333	0.51800537109367306
0.013854166666666666	0.56637573242175487
0.013875	0.61288452148428951
0.013895833333333333	0.65734863281246658
0.013916666666666666	0.69964599609363176
0.0139375	0.73962402343749256
0.013958333333333333	0.77713012695286854
0.013979166666666666	0.81207275390616041
0.014	0.84429931640637224
0.014020833333333333	0.87374877929689576
0.014041666666666666	0.90029907226577754
0.0140625	0.92385864257806161
0.014083333333333333	0.94436645507802519
0.014104166666666666	0.9617309570312994
0.014124999999999999	0.97589111328119826
0.014145833333333333	0.98684692382795636
0.014166666666666666	0.99450683593738087
0.014187499999999999	0.99887084960922523
0.014208333333333333	0.99993896484375477
0.014229166666666666	0.99768066406245137
0.014249999999999999	0.99209594726572992
0.014270833333333333	0.98324584960937722
0.014291666666666666	0.97113037109367439
0.014312499999999999	0.9557800292968418
0.014333333333333333	0.93725585937490641
0.014354166666666666	0.9156494140625322
0.014374999999999999	0.89099121093755118
0.014395833333333333	0.86337280273419725
0.014416666666666666	0.8329162597655424
0.014437499999999999	0.79968261718759182
0.014458333333333333	0.76379394531238864
0.014479166666666666	0.72537231445314887
0.014499999999999999	0.68453979492195072
0.014520833333333334	0.6414489746094677
0.014541666666666666	0.59622192382827877
0.014562499999999999	0.54901123046860301
0.014583333333333334	0.49999999999987971
0.014604166666666666	0.44931030273427286
0.014624999999999999	0.39712524414043049
0.014645833333333334	0.34365844726552314
0.014666666666666666	0.28900146484373929
0.014687499999999999	0.23342895507792172
0.014708333333333334	0.17706298828131425
0.014729166666666666	0.12011718750005584
0.014749999999999999	0.062774658203158515
0.014770833333333332	0.0052185058595055137
0.014791666666666667	-0.052337646484202673
0.014812499999999999	-0.10974121093735442
0.014833333333333332	-0.16677856445330455
0.014854166666666667	-0.22326660156257788
0.014874999999999999	-0.27899169921885586
0.014895833333333332	-0.33383178710938322
0.014916666666666667	-0.38754272460938105
0.014937499999999999	-0.43994140625007083
0.014958333333333332	-0.49090576171867917
0.014979166666666667	-0.54025268554680983
0.014999999999999999	-0.58779907226548078
0.015020833333333332	-0.63339233398422812
0.015041666666666667	-0.67687988281246581
0.0150625	-0.71813964843727374
0.015083333333333332	-0.75701904296848821
0.015104166666666667	-0.79336547851566541
0.015125	-0.82708740234376721
0.015145833333333332	-0.85809326171869371
0.015166666666666667	-0.88623046874996692
0.0151875	-0.91140747070299155
0.015208333333333332	-0.93359374999986311
0.015229166666666667	-0.95266723632800032
0.01525	-0.96859741210914518
0.015270833333333332	-0.98129272460939576
0.015291666666666667	-0.99075317382806483
0.0153125	-0.99691772460920758
0.015333333333333332	-0.99978637695303541
0.015354166666666667	-0.99932861328125533
0.015375	-0.99557495117154471
0.015395833333333333	-0.98849487304677142
0.015416666666666665	-0.97814941406249167
0.0154375	-0.96456909179684569
0.015458333333333333	-0.94778442382811745
0.015479166666666665	-0.9278564453125705
0.0155	-0.90484619140625533
0.015520833333333333	-0.87884521484367106
0.015541666666666665	-0.84991455078120837
0.0155625	-0.81817626953111922
0.015583333333333333	-0.78372192382813721
0.015604166666666665	-0.74664306640627598
0.015625	-0.70712280273427186
0.015645833333333335	-0.66525268554690165
0.015666666666666666	-0.621154785156386
0.0156875	-0.57501220703103717
0.015708333333333331	-0.52697753906245337
0.015729166666666666	-0.47717285156242473
0.01575	-0.42578124999990968
0.015770833333333331	-0.37301635742190137
0.015791666666666666	-0.31896972656263084
0.0158125	-0.26388549804686257
0.015833333333333331	-0.20791625976563807
0.015854166666666666	-0.15127563476577727
0.015875	-0.094116210937617989
0.015895833333333331	-0.0366516113282606
0.015916666666666666	0.020935058593471993
0.0159375	0.078430175781264988
0.015958333333333331	0.13571166992196426
0.015979166666666666	0.19250488281255551
0.016	0.24868774414070677
0.016020833333333331	0.30401611328122291
0.016041666666666666	0.35836791992187889
0.0160625	0.41149902343747535
0.016083333333333331	0.46328735351549505
0.016104166666666666	0.51351928710914663
0.016125	0.56207275390612599
0.016145833333333331	0.60873413085921924
0.016166666666666666	0.65341186523415351
0.0161875	0.695892333984103
0.016208333333333332	0.73608398437514055
0.016229166666666666	0.77383422851573658
0.016250000000000001	0.80899047851552908
0.016270833333333332	0.84149169921876477
0.016291666666666666	0.8711853027342682
0.016312500000000001	0.89801025390596456
0.016333333333333332	0.92184448242167683
0.016354166666666666	0.94262695312501499
0.016375000000000001	0.960266113281116
0.016395833333333332	0.97473144531240441
0.016416666666666666	0.98599243164052186
0.016437500000000001	0.99395751953110556
0.016458333333333332	0.99862670898425476
0.016479166666666666	0.99996948242180883
0.016500000000000001	0.99801635742188255
0.016520833333333332	0.992736816406251
0.016541666666666666	0.98419189453121181
0.016562500000000001	0.97235107421869094
0.016583333333333332	0.95730590820319694
0.016604166666666666	0.93908691406236688
0.016625000000000001	0.91772460937495004
0.016645833333333332	0.8933410644532439
0.016666666666666666	0.86599731445296801
0.016687500000000001	0.83578491210936345
0.016708333333333332	0.80279541015631306
0.016729166666666666	0.767150878906112
0.016750000000000001	0.72894287109362799
0.016770833333333332	0.68835449218751898
0.016791666666666667	0.6454467773436674
0.016812500000000001	0.60040283203121037
0.016833333333333332	0.55337524414053196
0.016854166666666667	0.50451660156237854
0.016875000000000001	0.45397949218747058
0.016895833333333332	0.40194702148435657
0.016916666666666667	0.34857177734369238
0.016937500000000001	0.2940368652344475
0.016958333333333332	0.23852539062514833
0.016979166666666667	0.18222045898446479
0.016999999999999998	0.12530517578130318
0.017020833333333332	0.067993164062722114
0.017041666666666667	0.010467529296708562
0.017062499999999998	-0.047119140625067162
0.017083333333333332	-0.1045532226562579
0.017104166666666667	-0.16162109375012079
0.017124999999999998	-0.21817016601564382
0.017145833333333332	-0.27398681640620531
0.017166666666666667	-0.32888793945295519
0.017187499999999998	-0.38269042968747263
0.017208333333333332	-0.4352416992186498
0.017229166666666667	-0.48635864257792971
0.017249999999999998	-0.53582763671837352
0.017270833333333332	-0.58355712890612477
0.017291666666666667	-0.62933349609350442
0.017312499999999998	-0.67303466796861378
0.017333333333333333	-0.71447753906259381
0.017354166666666667	-0.75357055664067341
0.017374999999999998	-0.79016113281254574
0.017395833333333333	-0.82412719726568173
0.017416666666666667	-0.85537719726559847
0.017437499999999998	-0.88378906249985412
0.017458333333333333	-0.90924072265614053
0.017479166666666667	-0.93170166015593736
0.017499999999999998	-0.95108032226541395
0.017520833333333333	-0.96728515624975908
0.017541666666666667	-0.98028564453102507
0.017562499999999998	-0.99005126953098288
0.017583333333333333	-0.9965209960935657
0.017604166666666667	-0.99966430664058281
0.017624999999999998	-0.99951171875004385
0.017645833333333333	-0.99606323242199457
0.017666666666666667	-0.98928833007800587
0.017687499999999998	-0.97924804687509515
0.017708333333333333	-0.9659423828125584
0.017729166666666667	-0.94943237304671924
0.017749999999999998	-0.92977905273422989
0.017770833333333333	-0.90707397460938188
0.017791666666666667	-0.88131713867174344
0.017812499999999998	-0.85266113281253197
0.017833333333333333	-0.82116699218761613
0.017854166666666667	-0.78695678710929418
0.017874999999999999	-0.75012207031251332
0.017895833333333333	-0.7108154296875111
0.017916666666666668	-0.66915893554684147
0.017937499999999999	-0.62524414062499556
0.017958333333333333	-0.57928466796886424
0.017979166666666668	-0.53140258789061923
0.017999999999999999	-0.48178100585945094
0.018020833333333333	-0.43051147460942302
0.018041666666666668	-0.37786865234364175
0.018062499999999999	-0.32394409179677502
0.018083333333333333	-0.26892089843754019
0.018104166666666668	-0.21304321289065942
0.018124999999999999	-0.15646362304694728
0.018145833333333333	-0.099334716797029474
0.018166666666666668	-0.04190063476550477
0.018187499999999999	0.015686035156255669
0.018208333333333333	0.073211669921744965
0.018229166666666664	0.13052368164078162
0.018249999999999999	0.18737792968750089
0.018270833333333333	0.24359130859367689
0.018291666666666664	0.29901123046864636
0.018312499999999999	0.35345458984370215
0.018333333333333333	0.4067077636718599
0.018354166666666664	0.45864868164059736
0.018374999999999999	0.50903320312491318
0.018395833333333333	0.5577392578123157
0.018416666666666665	0.60458374023407258
0.018437499999999999	0.64944458007810413
0.018458333333333334	0.69213867187502809
0.018479166666666665	0.73251342773423123
0.018499999999999999	0.77050781250003186
0.018520833333333334	0.80590820312484945
0.018541666666666665	0.83865356445310935
0.018562499999999999	0.86862182617188566
0.018583333333333334	0.89569091796849187
0.018604166666666665	0.91979980468729472
0.018624999999999999	0.9408569335935637
0.018645833333333334	0.95880126953093825
0.018666666666666665	0.97357177734360167
0.018687499999999999	0.98510742187476263
0.018708333333333334	0.99334716796868305
0.018729166666666665	0.99832153320319172
0.018749999999999999	0.99996948242184425
0.018770833333333334	0.99832153320297268
0.018791666666666665	0.99334716796873457
0.018812499999999999	0.98510742187488209
0.018833333333333334	0.97357177734351397
0.018854166666666665	0.95880126953106481
0.018874999999999999	0.94085693359376987
0.018895833333333334	0.91979980468734523
0.018916666666666665	0.8956909179686684
0.018937499999999999	0.86862182617190131
0.018958333333333334	0.83865356445293004
0.018979166666666665	0.80590820312497724
0.019	0.77050781249998701
0.019020833333333334	0.7325134277342229
0.019041666666666665	0.69213867187499767
0.0190625	0.64944458007816241
0.019083333333333334	0.60458374023438666
0.019104166666666665	0.55773925781238654
0.019125	0.50903320312498213
0.019145833333333334	0.45864868164063688
0.019166666666666665	0.40670776367191164
0.0191875	0.35345458984378286
0.019208333333333334	0.29901123046886702
0.019229166666666665	0.24359130859378306
0.01925	0.1873779296874874
0.019270833333333334	0.13052368164057007
0.019291666666666665	0.07321166992170218
0.0193125	0.015686035156142614
0.019333333333333334	-0.04190063476579331
0.019354166666666665	-0.099334716796786987
0.019375	-0.15646362304674771
0.019395833333333334	-0.21304321289051828
0.019416666666666665	-0.26892089843740519
0.0194375	-0.32394409179678768
0.019458333333333331	-0.37786865234366263
0.019479166666666665	-0.43051147460924954
0.0195	-0.48178100585915529
0.019520833333333331	-0.53140258789032491
0.019541666666666666	-0.57928466796877676
0.0195625	-0.62524414062517153
0.019583333333333331	-0.66915893554687034
0.019604166666666666	-0.71081542968745415
0.019625	-0.75012207031244205
0.019645833333333331	-0.78695678710924377
0.019666666666666666	-0.82116699218748468
0.0196875	-0.85266113281247258
0.019708333333333331	-0.88131713867156913
0.019729166666666666	-0.90707397460917694
0.01975	-0.92977905273413697
0.019770833333333331	-0.94943237304660344
0.019791666666666666	-0.96594238281227618
0.0198125	-0.97924804687518519
0.019833333333333331	-0.98928833007806527
0.019854166666666666	-0.99606323242183259
0.019875	-0.99951171875019162
0.019895833333333331	-0.99966430664056094
0.019916666666666666	-0.99652099609372158
0.0199375	-0.99005126953124467
0.019958333333333331	-0.98028564453106626
0.019979166666666666	-0.96728515624986899
0.02	-0.95108032226550054
0.020020833333333331	-0.93170166015605926
0.020041666666666666	-0.90924072265611289
0.0200625	-0.88378906249972944
0.020083333333333332	-0.85537719726541728
0.020104166666666666	-0.82412719726567063
0.020125000000000001	-0.79016113281266886
0.020145833333333332	-0.75357055664071193
0.020166666666666666	-0.71447753906247613
0.020187500000000001	-0.67303466796866485
0.020208333333333332	-0.62933349609373235
0.020229166666666666	-0.58355712890628464
0.020250000000000001	-0.53582763671879552
0.020270833333333332	-0.48635864257804345
0.020291666666666666	-0.43524169921875755
0.020312500000000001	-0.38269042968758032
0.020333333333333332	-0.32888793945313438
0.020354166666666666	-0.27398681640630124
0.020375000000000001	-0.21817016601547806
0.020395833333333332	-0.16162109375003031
0.020416666666666666	-0.10455322265613295
0.020437500000000001	-0.047119140625075634
0.020458333333333332	0.010467529296997735
0.020479166666666666	0.067993164062517875
0.020500000000000001	0.12530517578119119
0.020520833333333332	0.18222045898432565
0.020541666666666666	0.23852539062488159
0.020562500000000001	0.29403686523433709
0.020583333333333332	0.34857177734364475
0.020604166666666666	0.40194702148431216
0.020625000000000001	0.45397949218723316
0.020645833333333332	0.50451660156254019
0.020666666666666667	0.5533752441406159
0.020687500000000001	0.60040283203129108
0.020708333333333332	0.64544677734375511
0.020729166666666667	0.68835449218741884
0.020749999999999998	0.72894287109358347
0.020770833333333332	0.76715087890610878
0.020791666666666667	0.80279541015617772
0.020812499999999998	0.83578491210915284
0.020833333333333332	0.86599731445287842
0.020854166666666667	0.89334106445291939
0.020874999999999998	0.91772460937470468
0.020895833333333332	0.93908691406226474
0.020916666666666667	0.95730590820299954
0.020937499999999998	0.97235107421854927
0.020958333333333332	0.98419189453124245
0.020979166666666667	0.99273681640625955
0.020999999999999998	0.99801635742182948
0.021020833333333332	0.9999694824218861
0.021041666666666667	0.99862670898444716
0.021062499999999998	0.99395751953115896
0.021083333333333332	0.98599243164052075
0.021104166666666667	0.97473144531250788
0.021124999999999998	0.9602661132810919
0.021145833333333332	0.94262695312487288
0.021166666666666667	0.92184448242175965
0.021187499999999998	0.89801025390597322
0.021208333333333333	0.87118530273439476
0.021229166666666667	0.84149169921880107
0.021249999999999998	0.80899047851554928
0.021270833333333333	0.77383422851573436
0.021291666666666667	0.73608398437496869
0.021312499999999998	0.69589233398436101
