0	0
2.0833333333333333e-05	0.05755615234375
4.1666666666666665e-05	0.11492919921874956
6.2500000000000001e-05	0.17190551757812278
8.3333333333333331e-05	0.22833251953125056
0.00010416666666666666	0.283996582031248
0.000125	0.338714599609374
0.00014583333333333332	0.39233398437499523
0.00016666666666666666	0.44461059570312528
0.0001875	0.49545288085937117
0.00020833333333333332	0.54461669921874734
0.00022916666666666666	0.59201049804686667
0.00025000000000000001	0.63742065429687633
0.00027083333333333332	0.68069458007812023
0.00029166666666666664	0.72174072265624767
0.00031250000000000001	0.76037597656249045
0.00033333333333333332	0.79650878906250056
0.00035416666666666664	0.82998657226561834
0.00037500000000000001	0.86071777343749611
0.00039583333333333332	0.88861083984373801
0.00041666666666666664	0.91354370117187689
0.00043750000000000001	0.93542480468749389
0.00045833333333333332	0.95422363281249689
0.00047916666666666664	0.96984863281248823
0.00050000000000000001	0.98226928710937611
0.00052083333333333333	0.99142456054686723
0.00054166666666666664	0.99731445312499567
0.00056249999999999996	0.99984741210936146
0.00058333333333333327	0.99911499023437778
0.0006041666666666667	0.995025634765619
0.00062500000000000001	0.98767089843749745
0.00064583333333333333	0.97702026367186368
0.00066666666666666664	0.96313476562499956
0.00068749999999999996	0.94607543945311612
0.00070833333333333328	0.92584228515624423
0.00072916666666666659	0.90255737304686123
0.00075000000000000002	0.87628173828125089
0.00077083333333333333	0.84710693359374356
0.00079166666666666665	0.81512451171874611
0.00081249999999999996	0.78042602539061456
0.00083333333333333328	0.74313354492187467
0.00085416666666666659	0.70336914062499356
0.00087500000000000002	0.661285400390621
0.00089583333333333333	0.6170349121093659
0.00091666666666666665	0.57070922851562578
0.00093749999999999997	0.52249145507812145
0.00095833333333333328	0.47253417968749772
0.0009791666666666666	0.42102050781249489
0.001	0.36810302734375033
0.0010208333333333332	0.31396484374999778
0.0010416666666666667	0.25878906249999861
0.0010624999999999999	0.20275878906249745
0.0010833333333333333	0.14605712890625061
0.0011041666666666667	0.088867187500000222
0.0011249999999999999	0.031402587890625111
0.0011458333333333333	-0.02618408203124889
0.0011666666666666665	-0.083679199218749334
0.0011875	-0.140930175781248
0.0012083333333333334	-0.19766235351562345
0.0012291666666666666	-0.25378417968749567
0.00125	-0.30902099609375006
0.0012708333333333332	-0.36328124999999656
0.0012916666666666667	-0.41629028320312311
0.0013124999999999999	-0.46795654296874301
0.0013333333333333333	-0.51803588867187367
0.0013541666666666667	-0.56640624999999312
0.0013749999999999999	-0.61291503906249534
0.0013958333333333333	-0.65737915039061345
0.0014166666666666666	-0.69967651367187433
0.0014375	-0.73965454101561745
0.0014583333333333332	-0.77716064453124512
0.0014791666666666666	-0.81210327148436168
0.0015	-0.84432983398437345
0.0015208333333333332	-0.87377929687499034
0.0015416666666666667	-0.90032958984374312
0.0015624999999999999	-0.92388916015623423
0.0015833333333333333	-0.94439697265625
0.0016041666666666667	-0.96176147460936579
0.0016249999999999999	-0.97592163085936945
0.0016458333333333333	-0.98687744140623501
0.0016666666666666666	-0.99453735351562356
0.0016875	-0.99890136718748945
0.0017083333333333332	-0.99996948242186812
0.0017291666666666666	-0.99771118164060857
0.00175	-0.99212646484375044
0.0017708333333333332	-0.98327636718749156
0.0017916666666666667	-0.97116088867187
0.0018124999999999999	-0.95581054687498601
0.0018333333333333333	-0.93728637695312433
0.0018541666666666665	-0.9156799316406159
0.0018749999999999999	-0.89102172851561923
0.0018958333333333334	-0.86340332031248601
0.0019166666666666666	-0.83294677734375111
0.0019375	-0.79971313476561856
0.0019583333333333332	-0.76382446289062156
0.0019791666666666664	-0.72540283203123979
0.002	-0.68457031249999856
0.0020208333333333332	-0.64147949218749267
0.0020416666666666665	-0.59625244140624523
0.0020625000000000001	-0.54904174804686523
0.0020833333333333333	-0.5
0.0021041666666666665	-0.44934082031249617
0.0021249999999999997	-0.39715576171874756
0.0021458333333333334	-0.34368896484374495
0.0021666666666666666	-0.28903198242187517
0.0021874999999999998	-0.23345947265624789
0.0022083333333333334	-0.177093505859374
0.0022291666666666666	-0.12014770507812339
0.0022499999999999998	-0.062805175781250888
0.0022708333333333335	-0.0052490234375010547
0.0022916666666666667	0.052307128906249278
0.0023124999999999999	0.1097106933593725
0.0023333333333333331	0.16674804687499845
0.0023541666666666667	0.22323608398437167
0.0023749999999999999	0.2789611816406225
0.0023958333333333331	0.33380126953124384
0.0024166666666666668	0.38751220703124878
0.0024375	0.43991088867187012
0.0024583333333333332	0.49087524414062134
0.0024791666666666664	0.54022216796874112
0.0025000000000000001	0.58776855468749778
0.0025208333333333333	0.63336181640624223
0.0025416666666666665	0.676849365234369
0.0025625000000000001	0.71810913085936234
0.0025833333333333333	0.75698852539062367
0.0026041666666666665	0.79333496093749145
0.0026249999999999997	0.82705688476561934
0.0026458333333333334	0.85806274414061146
0.0026666666666666666	0.88619995117186956
0.0026874999999999998	0.91137695312498668
0.0027083333333333334	0.93356323242186456
0.0027291666666666666	0.9526367187499809
0.0027499999999999998	0.968566894531246
0.002770833333333333	0.98126220703123723
0.0027916666666666667	0.99072265624999079
0.0028124999999999999	0.99688720703123157
0.0028333333333333331	0.99975585937499467
0.0028541666666666667	0.99929809570311112
0.002875	0.99554443359373934
0.0028958333333333332	0.98846435546873068
0.0029166666666666664	0.97811889648437156
0.0029375	0.96453857421873812
0.0029583333333333332	0.94775390624999134
0.0029791666666666664	0.92782592773435846
0.0030000000000000001	0.90481567382812089
0.0030208333333333333	0.87881469726561345
0.0030416666666666665	0.84988403320311645
0.0030624999999999997	0.81814575195310957
0.0030833333333333333	0.78369140624999789
0.0031041666666666665	0.74661254882811678
0.0031249999999999997	0.70709228515624412
0.0031458333333333334	0.66522216796873879
0.0031666666666666666	0.62112426757812278
0.0031874999999999998	0.57498168945311801
0.0032083333333333334	0.52694702148437012
0.0032291666666666666	0.47714233398436656
0.0032499999999999999	0.42575073242187433
0.0032708333333333331	0.37298583984374667
0.0032916666666666667	0.31893920898437295
0.0033124999999999999	0.26385498046874661
0.0033333333333333331	0.20788574218749944
0.0033541666666666668	0.15124511718749883
0.003375	0.094085693359374278
0.0033958333333333332	0.036621093750000278
0.0034166666666666664	-0.02096557617187389
0.0034375	-0.078460693359372224
0.0034583333333333332	-0.13574218749999811
0.0034791666666666664	-0.19253540039061989
0.0035000000000000001	-0.24871826171874761
0.0035208333333333333	-0.30404663085936934
0.0035416666666666665	-0.35839843749999517
0.0035624999999999997	-0.4115295410156154
0.0035833333333333333	-0.46331787109374722
0.0036041666666666665	-0.51354980468749178
0.0036249999999999998	-0.56210327148436889
0.0036458333333333334	-0.60876464843748679
0.0036666666666666666	-0.65344238281249534
0.0036874999999999998	-0.69592285156248868
0.003708333333333333	-0.73611450195311623
0.0037291666666666667	-0.77386474609373312
0.0037499999999999999	-0.80902099609374611
0.0037708333333333331	-0.84152221679686312
0.0037916666666666667	-0.87121582031249112
0.0038124999999999999	-0.89804077148435724
0.0038333333333333331	-0.92187499999999445
0.0038541666666666663	-0.94265747070311057
0.003875	-0.9602966308593639
0.0038958333333333332	-0.97476196289060457
0.0039166666666666664	-0.986022949218746
0.0039375	-0.9939880371093619
0.0039583333333333328	-0.99865722656249034
0.0039791666666666664	-0.9999999999999809
0.0040000000000000001	-0.99804687499999278
0.0040208333333333329	-0.99276733398435857
0.0040416666666666665	-0.98422241210936223
0.0040625000000000001	-0.97238159179685324
0.0040833333333333329	-0.95733642578124478
0.0041041666666666666	-0.93911743164061123
0.0041250000000000002	-0.91775512695311467
0.004145833333333333	-0.89337158203123157
0.0041666666666666666	-0.86602783203124434
0.0041875000000000002	-0.83581542968748657
0.004208333333333333	-0.80282592773436479
0.0042291666666666667	-0.76718139648435824
0.0042499999999999994	-0.72897338867187189
0.0042708333333333331	-0.68838500976561567
0.0042916666666666667	-0.64547729492186823
0.0043124999999999995	-0.60043334960936334
0.0043333333333333331	-0.55340576171874711
0.0043541666666666668	-0.50454711914061778
0.0043749999999999995	-0.45401000976561989
0.0043958333333333332	-0.40197753906249173
0.0044166666666666668	-0.34860229492187433
0.0044374999999999996	-0.294067382812497
0.0044583333333333332	-0.23855590820312311
0.0044791666666666669	-0.182250976562497
0.0044999999999999997	-0.12533569335937539
0.0045208333333333333	-0.068023681640624556
0.0045416666666666669	-0.010498046875000555
0.0045624999999999997	0.047088623046873446
0.0045833333333333334	0.104522705078123
0.0046041666666666661	0.16159057617187211
0.0046249999999999998	0.218139648437497
0.0046458333333333334	0.273956298828119
0.0046666666666666662	0.32885742187499634
0.0046874999999999998	0.38265991210936767
0.0047083333333333335	0.43521118164061862
0.0047291666666666662	0.48632812499998862
0.0047499999999999999	0.53579711914062078
0.0047708333333333335	0.58352661132811523
0.0047916666666666663	0.62930297851561712
0.0048124999999999999	0.67300415039061035
0.0048333333333333336	0.71444702148436856
0.0048541666666666664	0.75354003906248679
0.004875	0.79013061523436423
0.0048958333333333328	0.82409667968748135
0.0049166666666666664	0.85534667968749412
0.0049375	0.88375854492186123
0.0049583333333333328	0.90921020507811412
0.0049791666666666665	0.93167114257810546
0.0050000000000000001	0.95104980468749223
0.0050208333333333329	0.96725463867185923
0.0050416666666666665	0.98025512695311234
0.0050625000000000002	0.99002075195310324
0.0050833333333333329	0.99649047851561878
0.0051041666666666666	0.99963378906248568
0.0051250000000000002	0.9994812011718639
0.005145833333333333	0.99603271484372979
0.0051666666666666666	0.98925781249999267
0.0051874999999999994	0.97921752929685946
0.005208333333333333	0.96591186523436268
0.0052291666666666667	0.94940185546872957
0.0052499999999999995	0.92974853515624489
0.0052708333333333331	0.90704345703123745
0.0052916666666666667	0.88128662109374023
0.0053124999999999995	0.85263061523435835
0.0053333333333333332	0.82113647460937234
0.0053541666666666668	0.78692626953124101
0.0053749999999999996	0.75009155273436889
0.0053958333333333332	0.71078491210936345
0.0054166666666666669	0.66912841796875022
0.0054374999999999996	0.62521362304687056
0.0054583333333333333	0.57925415039062267
0.0054791666666666669	0.53137207031249378
0.0054999999999999997	0.48175048828125105
0.0055208333333333333	0.43048095703124789
0.0055416666666666661	0.37783813476562444
0.0055624999999999997	0.32391357421874767
0.0055833333333333334	0.26889038085937811
0.0056041666666666662	0.213012695312502
0.0056249999999999998	0.15643310546875272
0.0056458333333333334	0.099304199218753109
0.0056666666666666662	0.041870117187504552
0.0056874999999999998	-0.015716552734369948
0.0057083333333333335	-0.073242187499994893
0.0057291666666666663	-0.13055419921874256
0.0057499999999999999	-0.18740844726561945
0.0057708333333333335	-0.2436218261718669
0.0057916666666666663	-0.29904174804686784
0.0058125	-0.35348510742186356
0.0058333333333333327	-0.40673828124999351
0.0058541666666666664	-0.45867919921873906
0.005875	-0.50906372070311534
0.0058958333333333328	-0.55776977539060946
0.0059166666666666664	-0.60461425781249378
0.0059375000000000001	-0.64947509765623779
0.0059583333333333328	-0.69216918945311479
0.0059791666666666665	-0.73254394531248257
0.0060000000000000001	-0.77053833007811579
0.0060208333333333329	-0.80593872070310857
0.0060416666666666665	-0.83868408203123601
0.0060625000000000002	-0.86865234374997757
0.006083333333333333	-0.89572143554686723
0.0061041666666666666	-0.91983032226560868
0.0061249999999999994	-0.94088745117186212
0.006145833333333333	-0.95883178710935291
0.0061666666666666667	-0.97360229492186612
0.0061874999999999994	-0.98513793945310724
0.0062083333333333331	-0.99337768554686101
0.0062291666666666667	-0.9983520507812268
0.0062499999999999995	-0.99999999999999423
0.0062708333333333331	-0.99835205078123512
0.0062916666666666668	-0.99337768554686368
0.0063124999999999995	-0.98513793945310479
0.0063333333333333332	-0.973602294921869
0.0063541666666666668	-0.95883178710936079
0.0063749999999999996	-0.94088745117186434
0.0063958333333333332	-0.91983032226560602
0.0064166666666666669	-0.89572143554687234
0.0064374999999999996	-0.86865234374999001
0.0064583333333333333	-0.83868408203124312
0.0064791666666666661	-0.80593872070311112
0.0064999999999999997	-0.77053833007812267
0.0065208333333333333	-0.73254394531249156
0.0065416666666666661	-0.69216918945311967
0.0065624999999999998	-0.64947509765623912
0.0065833333333333334	-0.60461425781250111
0.0066041666666666662	-0.55776977539062134
0.0066249999999999998	-0.50906372070312356
0.0066458333333333335	-0.458679199218745
0.0066666666666666662	-0.406738281250001
0.0066874999999999999	-0.35348510742187311
0.0067083333333333335	-0.29904174804687489
0.0067291666666666663	-0.24362182617187345
0.0067499999999999999	-0.18740844726562872
0.0067708333333333327	-0.13055419921875311
0.0067916666666666663	-0.073242187500003886
0.0068125	-0.015716552734379441
0.0068333333333333328	0.041870117187494282
0.0068541666666666664	0.099304199218743339
0.006875	0.15643310546874301
0.0068958333333333328	0.2130126953124904
0.0069166666666666664	0.26889038085936789
0.0069375000000000001	0.32391357421873967
0.0069583333333333329	0.37783813476561562
0.0069791666666666665	0.43048095703123601
0.0070000000000000001	0.48175048828124101
0.0070208333333333329	0.53137207031248612
0.0070416666666666666	0.57925415039061245
0.0070624999999999993	0.62521362304685657
0.007083333333333333	0.66912841796874067
0.0071041666666666666	0.71078491210935968
0.0071249999999999994	0.75009155273436201
0.007145833333333333	0.78692626953122979
0.0071666666666666667	0.82113647460936456
0.0071874999999999994	0.85263061523435768
0.0072083333333333331	0.88128662109373501
0.0072291666666666667	0.90704345703122691
0.0072499999999999995	0.92974853515624112
0.0072708333333333331	0.94940185546873312
0.0072916666666666668	0.96591186523436112
0.0073124999999999996	0.9792175292968528
0.0073333333333333332	0.98925781249998823
0.0073541666666666668	0.99603271484373024
0.0073749999999999996	0.99948120117185846
0.0073958333333333333	0.99963378906247491
0.007416666666666666	0.99649047851561612
0.0074374999999999997	0.99002075195310779
0.0074583333333333333	0.98025512695311179
0.0074791666666666661	0.96725463867185324
0.0074999999999999997	0.95104980468749134
0.0075208333333333334	0.93167114257810879
0.0075416666666666661	0.90921020507811257
0.0075624999999999998	0.88375854492185546
0.0075833333333333334	0.85534667968749534
0.0076041666666666662	0.82409667968748879
0.0076249999999999998	0.79013061523436678
0.0076458333333333335	0.75354003906248601
0.0076666666666666662	0.71444702148437167
0.0076874999999999999	0.67300415039061667
0.0077083333333333327	0.62930297851561923
0.0077291666666666663	0.58352661132811512
0.0077499999999999999	0.53579711914062533
0.0077708333333333327	0.48632812499999689
0.0077916666666666664	0.43521118164062389
0.0078125	0.38265991210937145
0.0078333333333333328	0.32885742187500194
0.0078541666666666655	0.27395629882812561
0.0078750000000000001	0.21813964843750189
0.0078958333333333328	0.161590576171877
0.0079166666666666656	0.10452270507812988
0.0079375000000000001	0.04708862304688044
0.0079583333333333329	-0.010498046874994227
0.0079791666666666657	-0.068023681640617117
0.0080000000000000002	-0.12533569335936678
0.0080208333333333329	-0.18225097656248951
0.0080416666666666657	-0.2385559082031144
0.0080625000000000002	-0.29406738281248535
0.008083333333333333	-0.3486022949218649
0.0081041666666666658	-0.40197753906248535
0.0081250000000000003	-0.45401000976561157
0.0081458333333333331	-0.50454711914060557
0.0081666666666666658	-0.55340576171873701
0.0081875000000000003	-0.60043334960935613
0.0082083333333333331	-0.64547729492185768
0.0082291666666666659	-0.68838500976560058
0.0082500000000000004	-0.72897338867186179
0.0082708333333333332	-0.76718139648435413
0.0082916666666666659	-0.80282592773435701
0.0083125000000000004	-0.83581542968747324
0.0083333333333333332	-0.86602783203123501
0.008354166666666666	-0.8933715820312268
0.0083750000000000005	-0.9177551269531049
0.0083958333333333333	-0.9391174316405958
0.008416666666666666	-0.9573364257812369
0.0084375000000000006	-0.97238159179685324
0.0084583333333333333	-0.98422241210935701
0.0084791666666666661	-0.99276733398434736
0.0084999999999999989	-0.99804687499998646
0.0085208333333333334	-0.9999999999999778
0.0085416666666666662	-0.99865722656248157
0.0085624999999999989	-0.99398803710934758
0.0085833333333333334	-0.98602294921874001
0.0086041666666666662	-0.97476196289060657
0.008624999999999999	-0.96029663085936046
0.0086458333333333335	-0.94265747070310224
0.0086666666666666663	-0.9218749999999889
0.008687499999999999	-0.89804077148435635
0.0087083333333333336	-0.8712158203124849
0.0087291666666666663	-0.84152221679685302
0.0087499999999999991	-0.80902099609374334
0.0087708333333333336	-0.77386474609373701
0.0087916666666666664	-0.73611450195311556
0.0088124999999999992	-0.69592285156248501
0.0088333333333333337	-0.65344238281249567
0.0088541666666666664	-0.60876464843749067
0.0088749999999999992	-0.56210327148436878
0.0088958333333333337	-0.51354980468749012
0.0089166666666666665	-0.4633178710937505
0.0089374999999999993	-0.41152954101562234
0.0089583333333333338	-0.35839843749999967
0.0089791666666666665	-0.304046630859373
0.0089999999999999993	-0.24871826171875383
0.0090208333333333338	-0.19253540039062766
0.0090416666666666666	-0.13574218750000411
0.0090624999999999994	-0.078460693359379496
0.0090833333333333339	-0.020965576171882438
0.0091041666666666667	0.036621093749991673
0.0091249999999999994	0.094085693359366118
0.0091458333333333322	0.1512451171874889
0.0091666666666666667	0.20788574218748945
0.0091874999999999995	0.26385498046873662
0.0092083333333333323	0.31893920898436173
0.0092291666666666668	0.37298583984373279
0.0092499999999999995	0.42575073242186229
0.0092708333333333323	0.47714233398435785
0.0092916666666666668	0.52694702148435901
0.0093124999999999996	0.5749816894531028
0.0093333333333333324	0.62112426757810868
0.0093541666666666669	0.6652221679687278
0.0093749999999999997	0.70709228515622957
0.0093958333333333324	0.74661254882809736
0.0094166666666666669	0.78369140624998357
0.0094374999999999997	0.81814575195310124
0.0094583333333333325	0.84988403320310391
0.009479166666666667	0.87881469726559569
0.0094999999999999998	0.90481567382810679
0.0095208333333333325	0.92782592773434902
0.009541666666666667	0.94775390624997713
0.0095624999999999998	0.96453857421871836
0.0095833333333333326	0.97811889648435923
0.0096041666666666671	0.9884643554687258
0.0096249999999999999	0.99554443359372946
0.0096458333333333326	0.99929809570309569
0.0096666666666666672	0.99975585937498412
0.0096874999999999999	0.99688720703122602
0.0097083333333333327	0.99072265624997979
0.0097291666666666655	0.98126220703122158
0.00975	0.96856689453123801
0.0097708333333333328	0.95263671874998068
0.0097916666666666655	0.93356323242185946
0.0098125	0.91137695312497691
0.0098333333333333328	0.88619995117186456
0.0098541666666666656	0.85806274414060812
0.0098750000000000001	0.8270568847656119
0.0098958333333333329	0.79333496093748068
0.0099166666666666656	0.75698852539061945
0.0099375000000000002	0.71810913085936434
0.0099583333333333329	0.67684936523436745
0.0099791666666666657	0.63336181640623834
0.01	0.587768554687496
0.010020833333333333	0.54022216796874278
0.010041666666666666	0.4908752441406205
0.0100625	0.43991088867186778
0.010083333333333333	0.38751220703125133
0.010104166666666666	0.33380126953124956
0.010125	0.27896118164062655
0.010145833333333333	0.223236083984376
0.010166666666666666	0.16674804687500527
0.0101875	0.10971069335938044
0.010208333333333333	0.052307128906256883
0.010229166666666666	-0.0052490234374913958
0.01025	-0.062805175781240674
0.010270833333333333	-0.12014770507811323
0.010291666666666666	-0.17709350585936323
0.0103125	-0.23345947265623429
0.010333333333333333	-0.28903198242186184
0.010354166666666666	-0.34368896484373279
0.010374999999999999	-0.39715576171873335
0.010395833333333333	-0.44934082031247752
0.010416666666666666	-0.49999999999998485
0.010437499999999999	-0.54904174804685379
0.010458333333333333	-0.59625244140623068
0.010479166666666666	-0.64147949218747347
0.010499999999999999	-0.68457031249998179
0.010520833333333333	-0.72540283203122469
0.010541666666666666	-0.76382446289060202
0.010562499999999999	-0.7997131347655938
0.010583333333333333	-0.83294677734373213
0.010604166666666666	-0.86340332031247402
0.010624999999999999	-0.89102172851560213
0.010645833333333334	-0.91567993164059314
0.010666666666666666	-0.937286376953125
0.010687499999999999	-0.95581054687499134
0.010708333333333334	-0.97116088867186945
0.010729166666666666	-0.9832763671874849
0.010749999999999999	-0.99212646484375189
0.010770833333333334	-0.99771118164061745
0.010791666666666666	-0.99996948242187111
0.010812499999999999	-0.99890136718748657
0.010833333333333334	-0.99453735351562544
0.010854166666666666	-0.98687744140624134
0.010874999999999999	-0.97592163085936967
0.010895833333333334	-0.96176147460936023
0.010916666666666667	-0.944396972656252
0.010937499999999999	-0.92388916015624323
0.010958333333333334	-0.90032958984374656
0.010979166666666667	-0.87377929687498823
0.010999999999999999	-0.84432983398437533
0.011020833333333332	-0.81210327148436767
0.011041666666666667	-0.77716064453124567
0.011062499999999999	-0.73965454101561368
0.011083333333333332	-0.69967651367187622
0.011104166666666667	-0.65737915039062045
0.011124999999999999	-0.61291503906249756
0.011145833333333332	-0.56640624999999201
0.011166666666666667	-0.51803588867187522
0.0111875	-0.4679565429687455
0.011208333333333332	-0.41629028320312245
0.011229166666666667	-0.36328124999999373
0.01125	-0.30902099609375078
0.011270833333333332	-0.253784179687498
0.011291666666666667	-0.19766235351562378
0.0113125	-0.14093017578124778
0.011333333333333332	-0.083679199218749611
0.011354166666666667	-0.026184082031248668
0.011375	0.031402587890625833
0.011395833333333332	0.088867187499999889
0.011416666666666667	0.1460571289062505
0.0114375	0.20275878906249895
0.011458333333333333	0.25878906249999944
0.011479166666666667	0.31396484374999645
0.0115	0.36810302734374989
0.011520833333333333	0.42102050781249661
0.011541666666666667	0.47253417968749784
0.0115625	0.52249145507811767
0.011583333333333333	0.57070922851562556
0.011604166666666667	0.61703491210937056
0.011625	0.66128540039062245
0.011645833333333333	0.70336914062499045
0.011666666666666665	0.74313354492187467
0.0116875	0.78042602539061812
0.011708333333333333	0.81512451171874556
0.011729166666666666	0.84710693359373723
0.01175	0.87628173828125067
0.011770833333333333	0.90255737304686812
0.011791666666666666	0.92584228515624611
0.0118125	0.94607543945311223
0.011833333333333333	0.96313476562499933
0.011854166666666666	0.9770202636718659
0.011875	0.987670898437494
0.011895833333333333	0.99502563476560979
0.011916666666666666	0.99911499023437589
0.0119375	0.9998474121093669
0.011958333333333333	0.99731445312499523
0.011979166666666666	0.9914245605468609
0.012	0.98226928710937211
0.012020833333333333	0.96984863281248868
0.012041666666666666	0.95422363281249201
0.0120625	0.93542480468748357
0.012083333333333333	0.91354370117187367
0.012104166666666666	0.8886108398437409
0.012125	0.86071777343749356
0.012145833333333333	0.82998657226561123
0.012166666666666666	0.79650878906249711
0.0121875	0.76037597656249079
0.012208333333333333	0.72174072265624312
0.012229166666666666	0.68069458007811234
0.012249999999999999	0.63742065429687367
0.012270833333333333	0.59201049804686823
0.012291666666666666	0.54461669921874512
0.012312499999999999	0.49545288085936645
0.012333333333333333	0.44461059570312245
0.012354166666666666	0.39233398437499434
0.012374999999999999	0.33871459960937078
0.012395833333333333	0.28399658203124378
0.012416666666666666	0.22833251953124828
0.012437499999999999	0.17190551757812239
0.012458333333333333	0.11492919921874789
0.012479166666666666	0.057556152343747724
0.012499999999999999	-3.0517578126609823e-05
0.012520833333333333	-0.057586669921875833
0.012541666666666666	-0.11495971679687583
0.012562499999999999	-0.17193603515624883
0.012583333333333334	-0.22836303710937655
0.012604166666666666	-0.28402709960937367
0.012624999999999999	-0.33874511718749967
0.012645833333333334	-0.39236450195312028
0.012666666666666666	-0.44464111328124989
0.012687499999999999	-0.49548339843749539
0.012708333333333334	-0.54464721679687156
0.012729166666666666	-0.59204101562499023
0.012749999999999999	-0.637451171875
0.012770833333333334	-0.68072509765624334
0.012791666666666666	-0.72177124023437078
0.012812499999999999	-0.76040649414061279
0.012833333333333334	-0.79653930664062278
0.012854166666666667	-0.83001708984374012
0.012874999999999999	-0.86074829101561778
0.012895833333333332	-0.88864135742185879
0.012916666666666667	-0.91357421874999889
0.012937499999999999	-0.93545532226561501
0.012958333333333332	-0.95425415039061812
0.012979166666666667	-0.96987915039060812
0.012999999999999999	-0.98229980468749667
0.013020833333333332	-0.99145507812498779
0.013041666666666667	-0.9973449707031159
0.013062499999999999	-0.9998779296874809
0.013083333333333332	-0.99914550781249789
0.013104166666666667	-0.9950561523437389
0.013125	-0.98770141601561712
0.013145833333333332	-0.97705078124998224
0.013166666666666667	-0.96316528320312056
0.0131875	-0.9461059570312369
0.013208333333333332	-0.92587280273436501
0.013229166666666667	-0.90258789062498113
0.01325	-0.87631225585937189
0.013270833333333332	-0.84713745117186401
0.013291666666666667	-0.8151550292968669
0.0133125	-0.78045654296873468
0.013333333333333332	-0.74316406249999256
0.013354166666666667	-0.70339965820311123
0.013375	-0.6613159179687389
0.013395833333333333	-0.61706542968748357
0.013416666666666667	-0.57073974609374489
0.0134375	-0.5225219726562399
0.013458333333333333	-0.47256469726561734
0.013479166666666667	-0.42105102539061323
0.0135	-0.36813354492187012
0.013520833333333333	-0.31399536132811712
0.013541666666666665	-0.25881958007811884
0.0135625	-0.20278930664061728
0.013583333333333333	-0.146087646484372
0.013604166666666665	-0.088897705078120892
0.013625	-0.031433105468747058
0.013645833333333333	0.026153564453127331
0.013666666666666666	0.083648681640626665
0.0136875	0.14089965820312567
0.013708333333333333	0.19763183593750033
0.013729166666666666	0.25375366210937245
0.01375	0.30899047851562533
0.013770833333333333	0.36325073242187211
0.013791666666666666	0.41625976562499767
0.0138125	0.46792602539061801
0.013833333333333333	0.51800537109374822
0.013854166666666666	0.56637573242186823
0.013875	0.61288452148436945
0.013895833333333333	0.65734863281248823
0.013916666666666666	0.69964599609374778
0.0139375	0.73962402343749112
0.013958333333333333	0.77713012695311789
0.013979166666666666	0.81207275390623535
0.014	0.84429931640624367
0.014020833333333333	0.87374877929686079
0.014041666666666666	0.90029907226561301
0.0140625	0.92385864257810413
0.014083333333333333	0.94436645507811834
0.014104166666666666	0.96173095703123479
0.014124999999999999	0.97589111328123768
0.014145833333333333	0.98684692382810324
0.014166666666666666	0.9945068359374909
0.014187499999999999	0.9988708496093569
0.014208333333333333	0.99993896484373512
0.014229166666666666	0.9976806640624758
0.014249999999999999	0.99209594726561712
0.014270833333333333	0.9832458496093579
0.014291666666666666	0.97113037109373657
0.014312499999999999	0.95578002929685224
0.014333333333333333	0.93725585937499023
0.014354166666666666	0.91564941406248224
0.014374999999999999	0.89099121093748523
0.014395833333333333	0.86337280273435257
0.014416666666666666	0.8329162597656169
0.014437499999999999	0.79968261718748523
0.014458333333333333	0.76379394531248801
0.014479166666666666	0.72537231445310657
0.014499999999999999	0.68453979492186634
0.014520833333333334	0.64144897460936123
0.014541666666666666	0.59622192382811345
0.014562499999999999	0.54901123046873423
0.014583333333333334	0.49999999999999356
0.014604166666666666	0.44931030273436517
0.014624999999999999	0.39712524414061667
0.014645833333333334	0.34365844726561451
0.014666666666666666	0.28900146484374389
0.014687499999999999	0.23342895507811745
0.014708333333333334	0.17706298828124389
0.014729166666666666	0.12011718749999378
0.014749999999999999	0.062774658203121336
0.014770833333333332	0.0052185058593718914
0.014791666666666667	-0.052337646484377331
0.014812499999999999	-0.10974121093750044
0.014833333333333332	-0.16677856445312622
0.014854166666666667	-0.22326660156249878
0.014874999999999999	-0.27899169921874883
0.014895833333333332	-0.33383178710936956
0.014916666666666667	-0.38754272460937456
0.014937499999999999	-0.43994140624999467
0.014958333333333332	-0.49090576171874567
0.014979166666666667	-0.54025268554686445
0.014999999999999999	-0.58779907226562167
0.015020833333333332	-0.63339233398436534
0.015041666666666667	-0.67687988281249178
0.0150625	-0.71813964843748401
0.015083333333333332	-0.75701904296874556
0.015104166666666667	-0.7933654785156129
0.015125	-0.8270874023437399
0.015145833333333332	-0.85809326171873102
0.015166666666666667	-0.88623046874999245
0.0151875	-0.91140747070310868
0.015208333333333332	-0.93359374999998646
0.015229166666666667	-0.9526672363281018
0.01525	-0.96859741210936745
0.015270833333333332	-0.98129272460935812
0.015291666666666667	-0.99075317382811112
0.0153125	-0.99691772460935146
0.015333333333333332	-0.99978637695311268
0.015354166666666667	-0.99932861328122824
0.015375	-0.99557495117185657
0.015395833333333333	-0.9884948730468468
0.015416666666666665	-0.97814941406248912
0.0154375	-0.96456909179685479
0.015458333333333333	-0.94778442382810824
0.015479166666666665	-0.92785644531247424
0.0155	-0.90484619140623757
0.015520833333333333	-0.87884521484372924
0.015541666666666665	-0.84991455078123257
0.0155625	-0.81817626953122491
0.015583333333333333	-0.7837219238281149
0.015604166666666665	-0.74664306640623268
0.015625	-0.70712280273436079
0.015645833333333335	-0.66525268554685457
0.015666666666666666	-0.62115478515623956
0.0156875	-0.57501220703123468
0.015708333333333331	-0.52697753906248712
0.015729166666666666	-0.47717285156248307
0.01575	-0.42578124999999228
0.015770833333333331	-0.37301635742186423
0.015791666666666666	-0.31896972656249117
0.0158125	-0.2638854980468639
0.015833333333333331	-0.20791625976561878
0.015854166666666666	-0.15127563476561789
0.015875	-0.094116210937493894
0.015895833333333331	-0.036651611328119227
0.015916666666666666	0.020935058593753386
0.0159375	0.078430175781252554
0.015958333333333331	0.13571166992187716
0.015979166666666666	0.1925048828124995
0.016	0.24868774414062761
0.016020833333333331	0.30401611328124989
0.016041666666666666	0.35836791992187533
0.0160625	0.41149902343749623
0.016083333333333331	0.46328735351562655
0.016104166666666666	0.51351928710937211
0.016125	0.56207275390624811
0.016145833333333331	0.60873413085936723
0.016166666666666666	0.65341186523437444
0.0161875	0.69589233398436823
0.016208333333333332	0.73608398437499478
0.016229166666666666	0.77383422851561223
0.016250000000000001	0.80899047851562411
0.016270833333333332	0.84149169921874134
0.016291666666666666	0.87118530273436878
0.016312500000000001	0.89801025390623501
0.016333333333333332	0.92184448242187134
0.016354166666666666	0.94262695312498801
0.016375000000000001	0.96026611328124067
0.016395833333333332	0.97473144531248146
0.016416666666666666	0.98599243164062167
0.016437500000000001	0.9939575195312379
0.016458333333333332	0.9986267089843659
0.016479166666666666	0.99996948242185646
0.016500000000000001	0.99801635742186945
0.016520833333333332	0.99273681640623557
0.016541666666666666	0.98419189453123856
0.016562500000000001	0.97235107421872979
0.016583333333333332	0.95730590820312034
0.016604166666666666	0.9390869140624869
0.016625000000000001	0.91772460937498956
0.016645833333333332	0.8933410644531069
0.016666666666666666	0.86599731445311645
0.016687500000000001	0.83578491210935923
0.016708333333333332	0.80279541015623712
0.016729166666666666	0.76715087890623024
0.016750000000000001	0.72894287109374289
0.016770833333333332	0.68835449218748679
0.016791666666666667	0.64544677734373956
0.016812500000000001	0.60040283203123435
0.016833333333333332	0.55337524414061745
0.016854166666666667	0.50451660156248801
0.016875000000000001	0.45397949218749001
0.016895833333333332	0.40194702148436201
0.016916666666666667	0.34857177734374406
0.016937500000000001	0.29403686523436662
0.016958333333333332	0.23852539062499312
0.016979166666666667	0.18222045898436695
0.016999999999999998	0.12530517578124445
0.017020833333333332	0.067993164062494449
0.017041666666666667	0.01046752929687006
0.017062499999999998	-0.047119140625003553
0.017083333333333332	-0.10455322265625405
0.017104166666666667	-0.16162109375000205
0.017124999999999998	-0.21817016601562728
0.017145833333333332	-0.273986816406249
0.017166666666666667	-0.32888793945312733
0.017187499999999998	-0.38269042968749822
0.017208333333333332	-0.43524169921874917
0.017229166666666667	-0.48635864257811878
0.017249999999999998	-0.53582763671875155
0.017270833333333332	-0.58355712890624545
0.017291666666666667	-0.62933349609374722
0.017312499999999998	-0.6730346679687399
0.017333333333333333	-0.71447753906249745
0.017354166666666667	-0.7535705566406149
0.017374999999999998	-0.79016113281249212
0.017395833333333333	-0.82412719726560857
0.017416666666666667	-0.85537719726562189
0.017437499999999998	-0.88378906249998823
0.017458333333333333	-0.90924072265624079
0.017479166666666667	-0.93170166015623157
0.017499999999999998	-0.951080322265619
0.017520833333333333	-0.96728515624998468
0.017541666666666667	-0.98028564453123768
0.017562499999999998	-0.99005126953122757
0.017583333333333333	-0.99652099609374467
0.017604166666666667	-0.99966430664060957
0.017624999999999998	-0.99951171874998801
0.017645833333333333	-0.99606323242185302
0.017666666666666667	-0.98928833007811712
0.017687499999999998	-0.97924804687498257
0.017708333333333333	-0.9659423828124859
0.017729166666666667	-0.94943237304685169
0.017749999999999998	-0.92977905273436789
0.017770833333333333	-0.90707397460935946
0.017791666666666667	-0.88131713867186268
0.017812499999999998	-0.85266113281247957
0.017833333333333333	-0.82116699218749178
0.017854166666666667	-0.78695678710935946
0.017874999999999999	-0.75012207031248701
0.017895833333333333	-0.71081542968748024
0.017916666666666668	-0.66915893554686812
0.017937499999999999	-0.62524414062498734
0.017958333333333333	-0.57928466796873945
0.017979166666666668	-0.5314025878906099
0.017999999999999999	-0.48178100585936634
0.018020833333333333	-0.43051147460936257
0.018041666666666668	-0.37786865234373945
0.018062499999999999	-0.32394409179686195
0.018083333333333333	-0.26892089843749362
0.018104166666666668	-0.21304321289061645
0.018124999999999999	-0.15646362304686801
0.018145833333333333	-0.099334716796867173
0.018166666666666668	-0.041900634765619726
0.018187499999999999	0.015686035156254996
0.018208333333333333	0.073211669921879219
0.018229166666666664	0.13052368164062766
0.018249999999999999	0.18737792968750311
0.018270833333333333	0.243591308593751
0.018291666666666664	0.29901123046875089
0.018312499999999999	0.35345458984374711
0.018333333333333333	0.40670776367187611
0.018354166666666664	0.45864868164062184
0.018374999999999999	0.50903320312499734
0.018395833333333333	0.55773925781249167
0.018416666666666665	0.60458374023437467
0.018437499999999999	0.64944458007811856
0.018458333333333334	0.69213867187499512
0.018479166666666665	0.73251342773436301
0.018499999999999999	0.77050781249999667
0.018520833333333334	0.80590820312498912
0.018541666666666665	0.83865356445311645
0.018562499999999999	0.8686218261718579
0.018583333333333334	0.89569091796874623
0.018604166666666665	0.9197998046874879
0.018624999999999999	0.94085693359374045
0.018645833333333334	0.95880126953123124
0.018666666666666665	0.97357177734374001
0.018687499999999999	0.98510742187498113
0.018708333333333334	0.99334716796873401
0.018729166666666665	0.99832153320309969
0.018749999999999999	0.99996948242186556
0.018770833333333334	0.99832153320310635
0.018791666666666665	0.99334716796873457
0.018812499999999999	0.98510742187497546
0.018833333333333334	0.97357177734373812
0.018854166666666665	0.95880126953122957
0.018874999999999999	0.94085693359373268
0.018895833333333334	0.91979980468747424
0.018916666666666665	0.89569091796873945
0.018937499999999999	0.86862182617185635
0.018958333333333334	0.83865356445310968
0.018979166666666665	0.80590820312497746
0.019	0.77050781249998834
0.019020833333333334	0.7325134277343569
0.019041666666666665	0.69213867187498479
0.0190625	0.64944458007810446
0.019083333333333334	0.60458374023436567
0.019104166666666665	0.55773925781248601
0.019125	0.50903320312498823
0.019145833333333334	0.45864868164060957
0.019166666666666665	0.4067077636718659
0.0191875	0.35345458984373868
0.019208333333333334	0.29901123046874006
0.019229166666666665	0.24359130859373879
0.01925	0.18737792968749351
0.019270833333333334	0.13052368164061789
0.019291666666666665	0.073211669921868672
0.0193125	0.015686035156244782
0.019333333333333334	-0.041900634765629718
0.019354166666666665	-0.099334716796877942
0.019375	-0.15646362304687739
0.019395833333333334	-0.21304321289062395
0.019416666666666665	-0.26892089843750205
0.0194375	-0.32394409179687333
0.019458333333333331	-0.37786865234374833
0.019479166666666665	-0.43051147460936845
0.0195	-0.48178100585937356
0.019520833333333331	-0.53140258789061789
0.019541666666666666	-0.57928466796874378
0.0195625	-0.62524414062498679
0.019583333333333331	-0.66915893554687167
0.019604166666666666	-0.71081542968748934
0.019625	-0.75012207031249101
0.019645833333333331	-0.78695678710935746
0.019666666666666666	-0.82116699218749312
0.0196875	-0.85266113281248446
0.019708333333333331	-0.88131713867186179
0.019729166666666666	-0.90707397460935235
0.01975	-0.92977905273436734
0.019770833333333331	-0.94943237304685801
0.019791666666666666	-0.96594238281248601
0.0198125	-0.97924804687497602
0.019833333333333331	-0.98928833007811401
0.019854166666666666	-0.99606323242185435
0.019875	-0.99951171874998246
0.019895833333333331	-0.9996643066405978
0.019916666666666666	-0.99652099609373956
0.0199375	-0.99005126953123024
0.019958333333333331	-0.98028564453123335
0.019979166666666666	-0.96728515624997402
0.02	-0.95108032226561023
0.020020833333333331	-0.93170166015622691
0.020041666666666666	-0.90924072265623002
0.0200625	-0.88378906249997191
0.020083333333333332	-0.85537719726561212
0.020104166666666666	-0.82412719726560457
0.020125000000000001	-0.79016113281248268
0.020145833333333332	-0.7535705566406008
0.020166666666666666	-0.71447753906248668
0.020187500000000001	-0.67303466796873068
0.020208333333333332	-0.62933349609373335
0.020229166666666666	-0.58355712890622813
0.020250000000000001	-0.53582763671873979
0.020270833333333332	-0.48635864257811007
0.020291666666666666	-0.43524169921873745
0.020312500000000001	-0.38269042968748429
0.020333333333333332	-0.32888793945311556
0.020354166666666666	-0.27398681640623845
0.020375000000000001	-0.21817016601561506
0.020395833333333332	-0.16162109374998912
0.020416666666666666	-0.10455322265624356
0.020437500000000001	-0.04711914062499345
0.020458333333333332	0.010467529296880329
0.020479166666666666	0.067993164062504219
0.020500000000000001	0.12530517578125416
0.020520833333333332	0.18222045898437661
0.020541666666666666	0.23852539062500155
0.020562500000000001	0.29403686523437317
0.020583333333333332	0.34857177734375111
0.020604166666666666	0.40194702148437172
0.020625000000000001	0.4539794921874975
0.020645833333333332	0.50451660156249212
0.020666666666666667	0.55337524414062167
0.020687500000000001	0.60040283203124056
0.020708333333333332	0.64544677734374167
0.020729166666666667	0.68835449218748457
0.020749999999999998	0.72894287109374423
0.020770833333333332	0.76715087890623668
0.020791666666666667	0.80279541015623845
0.020812499999999998	0.83578491210935535
0.020833333333333332	0.86599731445311523
0.020854166666666667	0.8933410644531069
0.020874999999999998	0.91772460937498423
0.020895833333333332	0.93908691406247513
0.020916666666666667	0.95730590820311456
0.020937499999999998	0.97235107421873002
0.020958333333333332	0.98419189453123312
0.020979166666666667	0.99273681640622358
0.020999999999999998	0.99801635742186123
0.021020833333333332	0.99996948242185202
0.021041666666666667	0.99862670898435524
0.021062499999999998	0.99395751953122091
0.021083333333333332	0.9859924316406119
0.021104166666666667	0.97473144531247768
0.021124999999999998	0.96026611328123157
0.021145833333333332	0.9426269531249728
0.021166666666666667	0.9218444824218599
0.021187499999999998	0.89801025390622713
0.021208333333333333	0.87118530273435535
0.021229166666666667	0.84149169921872302
0.021249999999999998	0.80899047851561179
0.021270833333333333	0.77383422851560502
0.021291666666666667	0.7360839843749829
0.021312499999999998	0.69589233398435246
