0	0
2.0833333333333333e-05	0.05755615234375
4.1666666666666665e-05	0.11492919921875
6.2500000000000001e-05	0.171905517578125
8.3333333333333331e-05	0.22833251953125
0.00010416666666666666	0.28399658203125
0.000125	0.338714599609375
0.00014583333333333332	0.392333984375
0.00016666666666666666	0.444610595703125
0.0001875	0.495452880859375
0.00020833333333333332	0.54461669921875
0.00022916666666666666	0.592010498046875
0.00025000000000000001	0.637420654296875
0.00027083333333333332	0.680694580078125
0.00029166666666666664	0.72174072265625
0.00031250000000000001	0.7603759765625
0.00033333333333333332	0.7965087890625
0.00035416666666666664	0.829986572265625
0.00037500000000000001	0.8607177734375
0.00039583333333333332	0.88861083984375
0.00041666666666666664	0.913543701171875
0.00043750000000000001	0.9354248046875
0.00045833333333333332	0.9542236328125
0.00047916666666666664	0.9698486328125
0.00050000000000000001	0.982269287109375
0.00052083333333333333	0.991424560546875
0.00054166666666666664	0.997314453125
0.00056249999999999996	0.999847412109375
0.00058333333333333327	0.999114990234375
0.0006041666666666667	0.995025634765625
0.00062500000000000001	0.9876708984375
0.00064583333333333333	0.977020263671875
0.00066666666666666664	0.963134765625
0.00068749999999999996	0.946075439453125
0.00070833333333333328	0.92584228515625
0.00072916666666666659	0.902557373046875
0.00075000000000000002	0.87628173828125
0.00077083333333333333	0.84710693359375
0.00079166666666666665	0.81512451171875
0.00081249999999999996	0.780426025390625
0.00083333333333333328	0.743133544921875
0.00085416666666666659	0.703369140625
0.00087500000000000002	0.661285400390625
0.00089583333333333333	0.617034912109375
0.00091666666666666665	0.570709228515625
0.00093749999999999997	0.522491455078125
0.00095833333333333328	0.4725341796875
0.0009791666666666666	0.4210205078125
0.001	0.36810302734375
0.0010208333333333332	0.31396484375
0.0010416666666666667	0.2587890625
0.0010624999999999999	0.2027587890625
0.0010833333333333333	0.14605712890625
0.0011041666666666667	0.0888671875
0.0011249999999999999	0.031402587890625
0.0011458333333333333	-0.02618408203125
0.0011666666666666665	-0.08367919921875
0.0011875	-0.14093017578125
0.0012083333333333334	-0.197662353515625
0.0012291666666666666	-0.2537841796875
0.00125	-0.30902099609375
0.0012708333333333332	-0.36328125
0.0012916666666666667	-0.416290283203125
0.0013124999999999999	-0.46795654296875
0.0013333333333333333	-0.518035888671875
0.0013541666666666667	-0.56640625
0.0013749999999999999	-0.6129150390625
0.0013958333333333333	-0.657379150390625
0.0014166666666666666	-0.699676513671875
0.0014375	-0.739654541015625
0.0014583333333333332	-0.77716064453125
0.0014791666666666666	-0.812103271484375
0.0015	-0.844329833984375
0.0015208333333333332	-0.873779296875
0.0015416666666666667	-0.90032958984375
0.0015624999999999999	-0.92388916015625
0.0015833333333333333	-0.94439697265625
0.0016041666666666667	-0.961761474609375
0.0016249999999999999	-0.975921630859375
0.0016458333333333333	-0.98687744140625
0.0016666666666666666	-0.994537353515625
0.0016875	-0.9989013671875
0.0017083333333333332	-0.999969482421875
0.0017291666666666666	-0.997711181640625
0.00175	-0.99212646484375
0.0017708333333333332	-0.9832763671875
0.0017916666666666667	-0.971160888671875
0.0018124999999999999	-0.955810546875
0.0018333333333333333	-0.937286376953125
0.0018541666666666665	-0.915679931640625
0.0018749999999999999	-0.891021728515625
0.0018958333333333334	-0.8634033203125
0.0019166666666666666	-0.83294677734375
0.0019375	-0.799713134765625
0.0019583333333333332	-0.763824462890625
0.0019791666666666664	-0.72540283203125
0.002	-0.6845703125
0.0020208333333333332	-0.6414794921875
0.0020416666666666665	-0.59625244140625
0.0020625000000000001	-0.549041748046875
0.0020833333333333333	-0.5
0.0021041666666666665	-0.4493408203125
0.0021249999999999997	-0.39715576171875
0.0021458333333333334	-0.34368896484375
0.0021666666666666666	-0.289031982421875
0.0021874999999999998	-0.23345947265625
0.0022083333333333334	-0.177093505859375
0.0022291666666666666	-0.120147705078125
0.0022499999999999998	-0.06280517578125
0.0022708333333333335	-0.0052490234375
0.0022916666666666667	0.05230712890625
0.0023124999999999999	0.109710693359375
0.0023333333333333331	0.166748046875
0.0023541666666666667	0.223236083984375
0.0023749999999999999	0.278961181640625
0.0023958333333333331	0.33380126953125
0.0024166666666666668	0.38751220703125
0.0024375	0.439910888671875
0.0024583333333333332	0.490875244140625
0.0024791666666666664	0.54022216796875
0.0025000000000000001	0.5877685546875
0.0025208333333333333	0.63336181640625
0.0025416666666666665	0.676849365234375
0.0025625000000000001	0.718109130859375
0.0025833333333333333	0.756988525390625
0.0026041666666666665	0.7933349609375
0.0026249999999999997	0.827056884765625
0.0026458333333333334	0.858062744140625
0.0026666666666666666	0.886199951171875
0.0026874999999999998	0.911376953125
0.0027083333333333334	0.933563232421875
0.0027291666666666666	0.95263671875
0.0027499999999999998	0.96856689453125
0.002770833333333333	0.98126220703125
0.0027916666666666667	0.99072265625
0.0028124999999999999	0.99688720703125
0.0028333333333333331	0.999755859375
0.0028541666666666667	0.999298095703125
0.002875	0.99554443359375
0.0028958333333333332	0.98846435546875
0.0029166666666666664	0.978118896484375
0.0029375	0.96453857421875
0.0029583333333333332	0.94775390625
0.0029791666666666664	0.927825927734375
0.0030000000000000001	0.904815673828125
0.0030208333333333333	0.878814697265625
0.0030416666666666665	0.849884033203125
0.0030624999999999997	0.818145751953125
0.0030833333333333333	0.78369140625
0.0031041666666666665	0.746612548828125
0.0031249999999999997	0.70709228515625
0.0031458333333333334	0.66522216796875
0.0031666666666666666	0.621124267578125
0.0031874999999999998	0.574981689453125
0.0032083333333333334	0.526947021484375
0.0032291666666666666	0.477142333984375
0.0032499999999999999	0.425750732421875
0.0032708333333333331	0.37298583984375
0.0032916666666666667	0.318939208984375
0.0033124999999999999	0.26385498046875
0.0033333333333333331	0.2078857421875
0.0033541666666666668	0.1512451171875
0.003375	0.094085693359375
0.0033958333333333332	0.03662109375
0.0034166666666666664	-0.020965576171875
0.0034375	-0.078460693359375
0.0034583333333333332	-0.1357421875
0.0034791666666666664	-0.192535400390625
0.0035000000000000001	-0.24871826171875
0.0035208333333333333	-0.304046630859375
0.0035416666666666665	-0.3583984375
0.0035624999999999997	-0.411529541015625
0.0035833333333333333	-0.46331787109375
0.0036041666666666665	-0.5135498046875
0.0036249999999999998	-0.562103271484375
0.0036458333333333334	-0.6087646484375
0.0036666666666666666	-0.6534423828125
0.0036874999999999998	-0.6959228515625
0.003708333333333333	-0.736114501953125
0.0037291666666666667	-0.77386474609375
0.0037499999999999999	-0.80902099609375
0.0037708333333333331	-0.841522216796875
0.0037916666666666667	-0.8712158203125
0.0038124999999999999	-0.898040771484375
0.0038333333333333331	-0.921875
0.0038541666666666663	-0.942657470703125
0.003875	-0.960296630859375
0.0038958333333333332	-0.974761962890625
0.0039166666666666664	-0.98602294921875
0.0039375	-0.993988037109375
0.0039583333333333328	-0.9986572265625
0.0039791666666666664	-1
0.0040000000000000001	-0.998046875
0.0040208333333333329	-0.992767333984375
0.0040416666666666665	-0.984222412109375
0.0040625000000000001	-0.972381591796875
0.0040833333333333329	-0.95733642578125
0.0041041666666666666	-0.939117431640625
0.0041250000000000002	-0.917755126953125
0.004145833333333333	-0.89337158203125
0.0041666666666666666	-0.86602783203125
0.0041875000000000002	-0.8358154296875
0.004208333333333333	-0.802825927734375
0.0042291666666666667	-0.767181396484375
0.0042499999999999994	-0.728973388671875
0.0042708333333333331	-0.688385009765625
0.0042916666666666667	-0.645477294921875
0.0043124999999999995	-0.600433349609375
0.0043333333333333331	-0.55340576171875
0.0043541666666666668	-0.504547119140625
0.0043749999999999995	-0.454010009765625
0.0043958333333333332	-0.4019775390625
0.0044166666666666668	-0.348602294921875
0.0044374999999999996	-0.2940673828125
0.0044583333333333332	-0.238555908203125
0.0044791666666666669	-0.1822509765625
0.0044999999999999997	-0.125335693359375
0.0045208333333333333	-0.068023681640625
0.0045416666666666669	-0.010498046875
0.0045624999999999997	0.047088623046875
0.0045833333333333334	0.104522705078125
0.0046041666666666661	0.161590576171875
0.0046249999999999998	0.2181396484375
0.0046458333333333334	0.273956298828125
0.0046666666666666662	0.328857421875
0.0046874999999999998	0.382659912109375
0.0047083333333333335	0.435211181640625
0.0047291666666666662	0.486328125
0.0047499999999999999	0.535797119140625
0.0047708333333333335	0.583526611328125
0.0047916666666666663	0.629302978515625
0.0048124999999999999	0.673004150390625
0.0048333333333333336	0.714447021484375
0.0048541666666666664	0.7535400390625
0.004875	0.790130615234375
0.0048958333333333328	0.8240966796875
0.0049166666666666664	0.8553466796875
0.0049375	0.883758544921875
0.0049583333333333328	0.909210205078125
0.0049791666666666665	0.931671142578125
0.0050000000000000001	0.9510498046875
0.0050208333333333329	0.967254638671875
0.0050416666666666665	0.980255126953125
0.0050625000000000002	0.990020751953125
0.0050833333333333329	0.996490478515625
0.0051041666666666666	0.9996337890625
0.0051250000000000002	0.999481201171875
0.005145833333333333	0.99603271484375
0.0051666666666666666	0.9892578125
0.0051874999999999994	0.979217529296875
0.005208333333333333	0.965911865234375
0.0052291666666666667	0.94940185546875
0.0052499999999999995	0.92974853515625
0.0052708333333333331	0.90704345703125
0.0052916666666666667	0.88128662109375
0.0053124999999999995	0.852630615234375
0.0053333333333333332	0.821136474609375
0.0053541666666666668	0.78692626953125
0.0053749999999999996	0.750091552734375
0.0053958333333333332	0.710784912109375
0.0054166666666666669	0.66912841796875
0.0054374999999999996	0.625213623046875
0.0054583333333333333	0.579254150390625
0.0054791666666666669	0.5313720703125
0.0054999999999999997	0.48175048828125
0.0055208333333333333	0.43048095703125
0.0055416666666666661	0.377838134765625
0.0055624999999999997	0.32391357421875
0.0055833333333333334	0.268890380859375
0.0056041666666666662	0.2130126953125
0.0056249999999999998	0.15643310546875
0.0056458333333333334	0.09930419921875
0.0056666666666666662	0.0418701171875
0.0056874999999999998	-0.015716552734375
0.0057083333333333335	-0.0732421875
0.0057291666666666663	-0.13055419921875
0.0057499999999999999	-0.187408447265625
0.0057708333333333335	-0.243621826171875
0.0057916666666666663	-0.299041748046875
0.0058125	-0.353485107421875
0.0058333333333333327	-0.40673828125
0.0058541666666666664	-0.45867919921875
0.005875	-0.509063720703125
0.0058958333333333328	-0.557769775390625
0.0059166666666666664	-0.6046142578125
0.0059375000000000001	-0.64947509765625
0.0059583333333333328	-0.692169189453125
0.0059791666666666665	-0.7325439453125
0.0060000000000000001	-0.770538330078125
0.0060208333333333329	-0.805938720703125
0.0060416666666666665	-0.83868408203125
0.0060625000000000002	-0.86865234375
0.006083333333333333	-0.895721435546875
0.0061041666666666666	-0.919830322265625
0.0061249999999999994	-0.940887451171875
0.006145833333333333	-0.958831787109375
0.0061666666666666667	-0.973602294921875
0.0061874999999999994	-0.985137939453125
0.0062083333333333331	-0.993377685546875
0.0062291666666666667	-0.99835205078125
0.0062499999999999995	-1
0.0062708333333333331	-0.99835205078125
0.0062916666666666668	-0.993377685546875
0.0063124999999999995	-0.985137939453125
0.0063333333333333332	-0.973602294921875
0.0063541666666666668	-0.958831787109375
0.0063749999999999996	-0.940887451171875
0.0063958333333333332	-0.919830322265625
0.0064166666666666669	-0.895721435546875
0.0064374999999999996	-0.86865234375
0.0064583333333333333	-0.83868408203125
0.0064791666666666661	-0.805938720703125
0.0064999999999999997	-0.770538330078125
0.0065208333333333333	-0.7325439453125
0.0065416666666666661	-0.692169189453125
0.0065624999999999998	-0.64947509765625
0.0065833333333333334	-0.6046142578125
0.0066041666666666662	-0.557769775390625
0.0066249999999999998	-0.509063720703125
0.0066458333333333335	-0.45867919921875
0.0066666666666666662	-0.40673828125
0.0066874999999999999	-0.353485107421875
0.0067083333333333335	-0.299041748046875
0.0067291666666666663	-0.243621826171875
0.0067499999999999999	-0.187408447265625
0.0067708333333333327	-0.13055419921875
0.0067916666666666663	-0.0732421875
0.0068125	-0.015716552734375
0.0068333333333333328	0.0418701171875
0.0068541666666666664	0.09930419921875
0.006875	0.15643310546875
0.0068958333333333328	0.2130126953125
0.0069166666666666664	0.268890380859375
0.0069375000000000001	0.32391357421875
0.0069583333333333329	0.377838134765625
0.0069791666666666665	0.43048095703125
0.0070000000000000001	0.48175048828125
0.0070208333333333329	0.5313720703125
0.0070416666666666666	0.579254150390625
0.0070624999999999993	0.625213623046875
0.007083333333333333	0.66912841796875
0.0071041666666666666	0.710784912109375
0.0071249999999999994	0.750091552734375
0.007145833333333333	0.78692626953125
0.0071666666666666667	0.821136474609375
0.0071874999999999994	0.852630615234375
0.0072083333333333331	0.88128662109375
0.0072291666666666667	0.90704345703125
0.0072499999999999995	0.92974853515625
0.0072708333333333331	0.94940185546875
0.0072916666666666668	0.965911865234375
0.0073124999999999996	0.979217529296875
0.0073333333333333332	0.9892578125
0.0073541666666666668	0.99603271484375
0.0073749999999999996	0.999481201171875
0.0073958333333333333	0.9996337890625
0.007416666666666666	0.996490478515625
0.0074374999999999997	0.990020751953125
0.0074583333333333333	0.980255126953125
0.0074791666666666661	0.967254638671875
0.0074999999999999997	0.9510498046875
0.0075208333333333334	0.931671142578125
0.0075416666666666661	0.909210205078125
0.0075624999999999998	0.883758544921875
0.0075833333333333334	0.8553466796875
0.0076041666666666662	0.8240966796875
0.0076249999999999998	0.790130615234375
0.0076458333333333335	0.7535400390625
0.0076666666666666662	0.714447021484375
0.0076874999999999999	0.673004150390625
0.0077083333333333327	0.629302978515625
0.0077291666666666663	0.583526611328125
0.0077499999999999999	0.535797119140625
0.0077708333333333327	0.486328125
0.0077916666666666664	0.435211181640625
0.0078125	0.382659912109375
0.0078333333333333328	0.328857421875
0.0078541666666666655	0.273956298828125
0.0078750000000000001	0.2181396484375
0.0078958333333333328	0.161590576171875
0.0079166666666666656	0.104522705078125
0.0079375000000000001	0.047088623046875
0.0079583333333333329	-0.010498046875
0.0079791666666666657	-0.068023681640625
0.0080000000000000002	-0.125335693359375
0.0080208333333333329	-0.1822509765625
0.0080416666666666657	-0.238555908203125
0.0080625000000000002	-0.2940673828125
0.008083333333333333	-0.348602294921875
0.0081041666666666658	-0.4019775390625
0.0081250000000000003	-0.454010009765625
0.0081458333333333331	-0.504547119140625
0.0081666666666666658	-0.55340576171875
0.0081875000000000003	-0.600433349609375
0.0082083333333333331	-0.645477294921875
0.0082291666666666659	-0.688385009765625
0.0082500000000000004	-0.728973388671875
0.0082708333333333332	-0.767181396484375
0.0082916666666666659	-0.802825927734375
0.0083125000000000004	-0.8358154296875
0.0083333333333333332	-0.86602783203125
0.008354166666666666	-0.89337158203125
0.0083750000000000005	-0.917755126953125
0.0083958333333333333	-0.939117431640625
0.008416666666666666	-0.95733642578125
0.0084375000000000006	-0.972381591796875
0.0084583333333333333	-0.984222412109375
0.0084791666666666661	-0.992767333984375
0.0084999999999999989	-0.998046875
0.0085208333333333334	-1
0.0085416666666666662	-0.9986572265625
0.0085624999999999989	-0.993988037109375
0.0085833333333333334	-0.98602294921875
0.0086041666666666662	-0.974761962890625
0.008624999999999999	-0.960296630859375
0.0086458333333333335	-0.942657470703125
0.0086666666666666663	-0.921875
0.008687499999999999	-0.898040771484375
0.0087083333333333336	-0.8712158203125
0.0087291666666666663	-0.841522216796875
0.0087499999999999991	-0.80902099609375
0.0087708333333333336	-0.77386474609375
0.0087916666666666664	-0.736114501953125
0.0088124999999999992	-0.6959228515625
0.0088333333333333337	-0.6534423828125
0.0088541666666666664	-0.6087646484375
0.0088749999999999992	-0.562103271484375
0.0088958333333333337	-0.5135498046875
0.0089166666666666665	-0.46331787109375
0.0089374999999999993	-0.411529541015625
0.0089583333333333338	-0.3583984375
0.0089791666666666665	-0.304046630859375
0.0089999999999999993	-0.24871826171875
0.0090208333333333338	-0.192535400390625
0.0090416666666666666	-0.1357421875
0.0090624999999999994	-0.078460693359375
0.0090833333333333339	-0.020965576171875
0.0091041666666666667	0.03662109375
0.0091249999999999994	0.094085693359375
0.0091458333333333322	0.1512451171875
0.0091666666666666667	0.2078857421875
0.0091874999999999995	0.26385498046875
0.0092083333333333323	0.318939208984375
0.0092291666666666668	0.37298583984375
0.0092499999999999995	0.425750732421875
0.0092708333333333323	0.477142333984375
0.0092916666666666668	0.526947021484375
0.0093124999999999996	0.574981689453125
0.0093333333333333324	0.621124267578125
0.0093541666666666669	0.66522216796875
0.0093749999999999997	0.70709228515625
0.0093958333333333324	0.746612548828125
0.0094166666666666669	0.78369140625
0.0094374999999999997	0.818145751953125
0.0094583333333333325	0.849884033203125
0.009479166666666667	0.878814697265625
0.0094999999999999998	0.904815673828125
0.0095208333333333325	0.927825927734375
0.009541666666666667	0.94775390625
0.0095624999999999998	0.96453857421875
0.0095833333333333326	0.978118896484375
0.0096041666666666671	0.98846435546875
0.0096249999999999999	0.99554443359375
0.0096458333333333326	0.999298095703125
0.0096666666666666672	0.999755859375
0.0096874999999999999	0.99688720703125
0.0097083333333333327	0.99072265625
0.0097291666666666655	0.98126220703125
0.00975	0.96856689453125
0.0097708333333333328	0.95263671875
0.0097916666666666655	0.933563232421875
0.0098125	0.911376953125
0.0098333333333333328	0.886199951171875
0.0098541666666666656	0.858062744140625
0.0098750000000000001	0.827056884765625
0.0098958333333333329	0.7933349609375
0.0099166666666666656	0.756988525390625
0.0099375000000000002	0.718109130859375
0.0099583333333333329	0.676849365234375
0.0099791666666666657	0.63336181640625
0.01	0.5877685546875
0.010020833333333333	0.54022216796875
0.010041666666666666	0.490875244140625
0.0100625	0.439910888671875
0.010083333333333333	0.38751220703125
0.010104166666666666	0.33380126953125
0.010125	0.278961181640625
0.010145833333333333	0.223236083984375
0.010166666666666666	0.166748046875
0.0101875	0.109710693359375
0.010208333333333333	0.05230712890625
0.010229166666666666	-0.0052490234375
0.01025	-0.06280517578125
0.010270833333333333	-0.120147705078125
0.010291666666666666	-0.177093505859375
0.0103125	-0.23345947265625
0.010333333333333333	-0.289031982421875
0.010354166666666666	-0.34368896484375
0.010374999999999999	-0.39715576171875
0.010395833333333333	-0.4493408203125
0.010416666666666666	-0.5
0.010437499999999999	-0.549041748046875
0.010458333333333333	-0.59625244140625
0.010479166666666666	-0.6414794921875
0.010499999999999999	-0.6845703125
0.010520833333333333	-0.72540283203125
0.010541666666666666	-0.763824462890625
0.010562499999999999	-0.799713134765625
0.010583333333333333	-0.83294677734375
0.010604166666666666	-0.8634033203125
0.010624999999999999	-0.891021728515625
0.010645833333333334	-0.915679931640625
0.010666666666666666	-0.937286376953125
0.010687499999999999	-0.955810546875
0.010708333333333334	-0.971160888671875
0.010729166666666666	-0.9832763671875
0.010749999999999999	-0.99212646484375
0.010770833333333334	-0.997711181640625
0.010791666666666666	-0.999969482421875
0.010812499999999999	-0.9989013671875
0.010833333333333334	-0.994537353515625
0.010854166666666666	-0.98687744140625
0.010874999999999999	-0.975921630859375
0.010895833333333334	-0.961761474609375
0.010916666666666667	-0.94439697265625
0.010937499999999999	-0.92388916015625
0.010958333333333334	-0.90032958984375
0.010979166666666667	-0.873779296875
0.010999999999999999	-0.844329833984375
0.011020833333333332	-0.812103271484375
0.011041666666666667	-0.77716064453125
0.011062499999999999	-0.739654541015625
0.011083333333333332	-0.699676513671875
0.011104166666666667	-0.657379150390625
0.011124999999999999	-0.6129150390625
0.011145833333333332	-0.56640625
0.011166666666666667	-0.518035888671875
0.0111875	-0.46795654296875
0.011208333333333332	-0.416290283203125
0.011229166666666667	-0.36328125
0.01125	-0.30902099609375
0.011270833333333332	-0.2537841796875
0.011291666666666667	-0.197662353515625
0.0113125	-0.14093017578125
0.011333333333333332	-0.08367919921875
0.011354166666666667	-0.02618408203125
0.011375	0.031402587890625
0.011395833333333332	0.0888671875
0.011416666666666667	0.14605712890625
0.0114375	0.2027587890625
0.011458333333333333	0.2587890625
0.011479166666666667	0.31396484375
0.0115	0.36810302734375
0.011520833333333333	0.4210205078125
0.011541666666666667	0.4725341796875
0.0115625	0.522491455078125
0.011583333333333333	0.570709228515625
0.011604166666666667	0.617034912109375
0.011625	0.661285400390625
0.011645833333333333	0.703369140625
0.011666666666666665	0.743133544921875
0.0116875	0.780426025390625
0.011708333333333333	0.81512451171875
0.011729166666666666	0.84710693359375
0.01175	0.87628173828125
0.011770833333333333	0.902557373046875
0.011791666666666666	0.92584228515625
0.0118125	0.946075439453125
0.011833333333333333	0.963134765625
0.011854166666666666	0.977020263671875
0.011875	0.9876708984375
0.011895833333333333	0.995025634765625
0.011916666666666666	0.999114990234375
0.0119375	0.999847412109375
0.011958333333333333	0.997314453125
0.011979166666666666	0.991424560546875
0.012	0.982269287109375
0.012020833333333333	0.9698486328125
0.012041666666666666	0.9542236328125
0.0120625	0.9354248046875
0.012083333333333333	0.913543701171875
0.012104166666666666	0.88861083984375
0.012125	0.8607177734375
0.012145833333333333	0.829986572265625
0.012166666666666666	0.7965087890625
0.0121875	0.7603759765625
0.012208333333333333	0.72174072265625
0.012229166666666666	0.680694580078125
0.012249999999999999	0.637420654296875
0.012270833333333333	0.592010498046875
0.012291666666666666	0.54461669921875
0.012312499999999999	0.495452880859375
0.012333333333333333	0.444610595703125
0.012354166666666666	0.392333984375
0.012374999999999999	0.338714599609375
0.012395833333333333	0.28399658203125
0.012416666666666666	0.22833251953125
0.012437499999999999	0.171905517578125
0.012458333333333333	0.11492919921875
0.012479166666666666	0.05755615234375
0.012499999999999999	-3.0517578125e-05
0.012520833333333333	-0.057586669921875
0.012541666666666666	-0.114959716796875
0.012562499999999999	-0.17193603515625
0.012583333333333334	-0.228363037109375
0.012604166666666666	-0.284027099609375
0.012624999999999999	-0.3387451171875
0.012645833333333334	-0.392364501953125
0.012666666666666666	-0.44464111328125
0.012687499999999999	-0.4954833984375
0.012708333333333334	-0.544647216796875
0.012729166666666666	-0.592041015625
0.012749999999999999	-0.637451171875
0.012770833333333334	-0.68072509765625
0.012791666666666666	-0.721771240234375
0.012812499999999999	-0.760406494140625
0.012833333333333334	-0.796539306640625
0.012854166666666667	-0.83001708984375
0.012874999999999999	-0.860748291015625
0.012895833333333332	-0.888641357421875
0.012916666666666667	-0.91357421875
0.012937499999999999	-0.935455322265625
0.012958333333333332	-0.954254150390625
0.012979166666666667	-0.969879150390625
0.012999999999999999	-0.9822998046875
0.013020833333333332	-0.991455078125
0.013041666666666667	-0.997344970703125
0.013062499999999999	-0.9998779296875
0.013083333333333332	-0.9991455078125
0.013104166666666667	-0.99505615234375
0.013125	-0.987701416015625
0.013145833333333332	-0.97705078125
0.013166666666666667	-0.963165283203125
0.0131875	-0.94610595703125
0.013208333333333332	-0.925872802734375
0.013229166666666667	-0.902587890625
0.01325	-0.876312255859375
0.013270833333333332	-0.847137451171875
0.013291666666666667	-0.815155029296875
0.0133125	-0.78045654296875
0.013333333333333332	-0.7431640625
0.013354166666666667	-0.703399658203125
0.013375	-0.66131591796875
0.013395833333333333	-0.6170654296875
0.013416666666666667	-0.57073974609375
0.0134375	-0.52252197265625
0.013458333333333333	-0.472564697265625
0.013479166666666667	-0.421051025390625
0.0135	-0.368133544921875
0.013520833333333333	-0.313995361328125
0.013541666666666665	-0.258819580078125
0.0135625	-0.202789306640625
0.013583333333333333	-0.146087646484375
0.013604166666666665	-0.088897705078125
0.013625	-0.03143310546875
0.013645833333333333	0.026153564453125
0.013666666666666666	0.083648681640625
0.0136875	0.140899658203125
0.013708333333333333	0.1976318359375
0.013729166666666666	0.253753662109375
0.01375	0.308990478515625
0.013770833333333333	0.363250732421875
0.013791666666666666	0.416259765625
0.0138125	0.467926025390625
0.013833333333333333	0.51800537109375
0.013854166666666666	0.566375732421875
0.013875	0.612884521484375
0.013895833333333333	0.6573486328125
0.013916666666666666	0.69964599609375
0.0139375	0.7396240234375
0.013958333333333333	0.777130126953125
0.013979166666666666	0.81207275390625
0.014	0.84429931640625
0.014020833333333333	0.873748779296875
0.014041666666666666	0.900299072265625
0.0140625	0.923858642578125
0.014083333333333333	0.944366455078125
0.014104166666666666	0.96173095703125
0.014124999999999999	0.97589111328125
0.014145833333333333	0.986846923828125
0.014166666666666666	0.9945068359375
0.014187499999999999	0.998870849609375
0.014208333333333333	0.99993896484375
0.014229166666666666	0.9976806640625
0.014249999999999999	0.992095947265625
0.014270833333333333	0.983245849609375
0.014291666666666666	0.97113037109375
0.014312499999999999	0.955780029296875
0.014333333333333333	0.937255859375
0.014354166666666666	0.9156494140625
0.014374999999999999	0.8909912109375
0.014395833333333333	0.863372802734375
0.014416666666666666	0.832916259765625
0.014437499999999999	0.7996826171875
0.014458333333333333	0.7637939453125
0.014479166666666666	0.725372314453125
0.014499999999999999	0.684539794921875
0.014520833333333334	0.641448974609375
0.014541666666666666	0.596221923828125
0.014562499999999999	0.54901123046875
0.014583333333333334	0.5
0.014604166666666666	0.449310302734375
0.014624999999999999	0.397125244140625
0.014645833333333334	0.343658447265625
0.014666666666666666	0.28900146484375
0.014687499999999999	0.233428955078125
0.014708333333333334	0.17706298828125
0.014729166666666666	0.1201171875
0.014749999999999999	0.062774658203125
0.014770833333333332	0.005218505859375
0.014791666666666667	-0.052337646484375
0.014812499999999999	-0.1097412109375
0.014833333333333332	-0.166778564453125
0.014854166666666667	-0.2232666015625
0.014874999999999999	-0.27899169921875
0.014895833333333332	-0.333831787109375
0.014916666666666667	-0.387542724609375
0.014937499999999999	-0.43994140625
0.014958333333333332	-0.49090576171875
0.014979166666666667	-0.540252685546875
0.014999999999999999	-0.587799072265625
0.015020833333333332	-0.633392333984375
0.015041666666666667	-0.6768798828125
0.0150625	-0.7181396484375
0.015083333333333332	-0.75701904296875
0.015104166666666667	-0.793365478515625
0.015125	-0.82708740234375
0.015145833333333332	-0.85809326171875
0.015166666666666667	-0.88623046875
0.0151875	-0.911407470703125
0.015208333333333332	-0.93359375
0.015229166666666667	-0.952667236328125
0.01525	-0.968597412109375
0.015270833333333332	-0.981292724609375
0.015291666666666667	-0.990753173828125
0.0153125	-0.996917724609375
0.015333333333333332	-0.999786376953125
0.015354166666666667	-0.99932861328125
0.015375	-0.995574951171875
0.015395833333333333	-0.988494873046875
0.015416666666666665	-0.9781494140625
0.0154375	-0.964569091796875
0.015458333333333333	-0.947784423828125
0.015479166666666665	-0.9278564453125
0.0155	-0.90484619140625
0.015520833333333333	-0.87884521484375
0.015541666666666665	-0.84991455078125
0.0155625	-0.81817626953125
0.015583333333333333	-0.783721923828125
0.015604166666666665	-0.74664306640625
0.015625	-0.707122802734375
0.015645833333333335	-0.665252685546875
0.015666666666666666	-0.62115478515625
0.0156875	-0.57501220703125
0.015708333333333331	-0.5269775390625
0.015729166666666666	-0.4771728515625
0.01575	-0.42578125
0.015770833333333331	-0.373016357421875
0.015791666666666666	-0.3189697265625
0.0158125	-0.263885498046875
0.015833333333333331	-0.207916259765625
0.015854166666666666	-0.151275634765625
0.015875	-0.0941162109375
0.015895833333333331	-0.036651611328125
0.015916666666666666	0.02093505859375
0.0159375	0.07843017578125
0.015958333333333331	0.135711669921875
0.015979166666666666	0.1925048828125
0.016	0.248687744140625
0.016020833333333331	0.30401611328125
0.016041666666666666	0.358367919921875
0.0160625	0.4114990234375
0.016083333333333331	0.463287353515625
0.016104166666666666	0.513519287109375
0.016125	0.56207275390625
0.016145833333333331	0.608734130859375
0.016166666666666666	0.653411865234375
0.0161875	0.695892333984375
0.016208333333333332	0.736083984375
0.016229166666666666	0.773834228515625
0.016250000000000001	0.808990478515625
0.016270833333333332	0.84149169921875
0.016291666666666666	0.871185302734375
0.016312500000000001	0.89801025390625
0.016333333333333332	0.921844482421875
0.016354166666666666	0.942626953125
0.016375000000000001	0.96026611328125
0.016395833333333332	0.9747314453125
0.016416666666666666	0.985992431640625
0.016437500000000001	0.99395751953125
0.016458333333333332	0.998626708984375
0.016479166666666666	0.999969482421875
0.016500000000000001	0.998016357421875
0.016520833333333332	0.99273681640625
0.016541666666666666	0.98419189453125
0.016562500000000001	0.97235107421875
0.016583333333333332	0.957305908203125
0.016604166666666666	0.9390869140625
0.016625000000000001	0.917724609375
0.016645833333333332	0.893341064453125
0.016666666666666666	0.865997314453125
0.016687500000000001	0.835784912109375
0.016708333333333332	0.80279541015625
0.016729166666666666	0.76715087890625
0.016750000000000001	0.72894287109375
0.016770833333333332	0.6883544921875
0.016791666666666667	0.64544677734375
0.016812500000000001	0.60040283203125
0.016833333333333332	0.553375244140625
0.016854166666666667	0.5045166015625
0.016875000000000001	0.4539794921875
0.016895833333333332	0.401947021484375
0.016916666666666667	0.34857177734375
0.016937500000000001	0.294036865234375
0.016958333333333332	0.238525390625
0.016979166666666667	0.182220458984375
0.016999999999999998	0.12530517578125
0.017020833333333332	0.0679931640625
0.017041666666666667	0.010467529296875
0.017062499999999998	-0.047119140625
0.017083333333333332	-0.10455322265625
0.017104166666666667	-0.16162109375
0.017124999999999998	-0.218170166015625
0.017145833333333332	-0.27398681640625
0.017166666666666667	-0.328887939453125
0.017187499999999998	-0.3826904296875
0.017208333333333332	-0.43524169921875
0.017229166666666667	-0.486358642578125
0.017249999999999998	-0.53582763671875
0.017270833333333332	-0.58355712890625
0.017291666666666667	-0.62933349609375
0.017312499999999998	-0.67303466796875
0.017333333333333333	-0.7144775390625
0.017354166666666667	-0.753570556640625
0.017374999999999998	-0.7901611328125
0.017395833333333333	-0.824127197265625
0.017416666666666667	-0.855377197265625
0.017437499999999998	-0.8837890625
0.017458333333333333	-0.90924072265625
0.017479166666666667	-0.93170166015625
0.017499999999999998	-0.951080322265625
0.017520833333333333	-0.96728515625
0.017541666666666667	-0.98028564453125
0.017562499999999998	-0.99005126953125
0.017583333333333333	-0.99652099609375
0.017604166666666667	-0.999664306640625
0.017624999999999998	-0.99951171875
0.017645833333333333	-0.996063232421875
0.017666666666666667	-0.989288330078125
0.017687499999999998	-0.979248046875
0.017708333333333333	-0.9659423828125
0.017729166666666667	-0.949432373046875
0.017749999999999998	-0.929779052734375
0.017770833333333333	-0.907073974609375
0.017791666666666667	-0.881317138671875
0.017812499999999998	-0.8526611328125
0.017833333333333333	-0.8211669921875
0.017854166666666667	-0.786956787109375
0.017874999999999999	-0.7501220703125
0.017895833333333333	-0.7108154296875
0.017916666666666668	-0.669158935546875
0.017937499999999999	-0.625244140625
0.017958333333333333	-0.57928466796875
0.017979166666666668	-0.531402587890625
0.017999999999999999	-0.481781005859375
0.018020833333333333	-0.430511474609375
0.018041666666666668	-0.37786865234375
0.018062499999999999	-0.323944091796875
0.018083333333333333	-0.2689208984375
0.018104166666666668	-0.213043212890625
0.018124999999999999	-0.156463623046875
0.018145833333333333	-0.099334716796875
0.018166666666666668	-0.041900634765625
0.018187499999999999	0.01568603515625
0.018208333333333333	0.073211669921875
0.018229166666666664	0.130523681640625
0.018249999999999999	0.1873779296875
0.018270833333333333	0.24359130859375
0.018291666666666664	0.29901123046875
0.018312499999999999	0.35345458984375
0.018333333333333333	0.406707763671875
0.018354166666666664	0.458648681640625
0.018374999999999999	0.509033203125
0.018395833333333333	0.5577392578125
0.018416666666666665	0.604583740234375
0.018437499999999999	0.649444580078125
0.018458333333333334	0.692138671875
0.018479166666666665	0.732513427734375
0.018499999999999999	0.7705078125
0.018520833333333334	0.805908203125
0.018541666666666665	0.838653564453125
0.018562499999999999	0.868621826171875
0.018583333333333334	0.89569091796875
0.018604166666666665	0.9197998046875
0.018624999999999999	0.94085693359375
0.018645833333333334	0.95880126953125
0.018666666666666665	0.97357177734375
0.018687499999999999	0.985107421875
0.018708333333333334	0.99334716796875
0.018729166666666665	0.998321533203125
0.018749999999999999	0.999969482421875
0.018770833333333334	0.998321533203125
0.018791666666666665	0.99334716796875
0.018812499999999999	0.985107421875
0.018833333333333334	0.97357177734375
0.018854166666666665	0.95880126953125
0.018874999999999999	0.94085693359375
0.018895833333333334	0.9197998046875
0.018916666666666665	0.89569091796875
0.018937499999999999	0.868621826171875
0.018958333333333334	0.838653564453125
0.018979166666666665	0.805908203125
0.019	0.7705078125
0.019020833333333334	0.732513427734375
0.019041666666666665	0.692138671875
0.0190625	0.649444580078125
0.019083333333333334	0.604583740234375
0.019104166666666665	0.5577392578125
0.019125	0.509033203125
0.019145833333333334	0.458648681640625
0.019166666666666665	0.406707763671875
0.0191875	0.35345458984375
0.019208333333333334	0.29901123046875
0.019229166666666665	0.24359130859375
0.01925	0.1873779296875
0.019270833333333334	0.130523681640625
0.019291666666666665	0.073211669921875
0.0193125	0.01568603515625
0.019333333333333334	-0.041900634765625
0.019354166666666665	-0.099334716796875
0.019375	-0.156463623046875
0.019395833333333334	-0.213043212890625
0.019416666666666665	-0.2689208984375
0.0194375	-0.323944091796875
0.019458333333333331	-0.37786865234375
0.019479166666666665	-0.430511474609375
0.0195	-0.481781005859375
0.019520833333333331	-0.531402587890625
0.019541666666666666	-0.57928466796875
0.0195625	-0.625244140625
0.019583333333333331	-0.669158935546875
0.019604166666666666	-0.7108154296875
0.019625	-0.7501220703125
0.019645833333333331	-0.786956787109375
0.019666666666666666	-0.8211669921875
0.0196875	-0.8526611328125
0.019708333333333331	-0.881317138671875
0.019729166666666666	-0.907073974609375
0.01975	-0.929779052734375
0.019770833333333331	-0.949432373046875
0.019791666666666666	-0.9659423828125
0.0198125	-0.979248046875
0.019833333333333331	-0.989288330078125
0.019854166666666666	-0.996063232421875
0.019875	-0.99951171875
0.019895833333333331	-0.999664306640625
0.019916666666666666	-0.99652099609375
0.0199375	-0.99005126953125
0.019958333333333331	-0.98028564453125
0.019979166666666666	-0.96728515625
0.02	-0.951080322265625
0.020020833333333331	-0.93170166015625
0.020041666666666666	-0.90924072265625
0.0200625	-0.8837890625
0.020083333333333332	-0.855377197265625
0.020104166666666666	-0.824127197265625
0.020125000000000001	-0.7901611328125
0.020145833333333332	-0.753570556640625
0.020166666666666666	-0.7144775390625
0.020187500000000001	-0.67303466796875
0.020208333333333332	-0.62933349609375
0.020229166666666666	-0.58355712890625
0.020250000000000001	-0.53582763671875
0.020270833333333332	-0.486358642578125
0.020291666666666666	-0.43524169921875
0.020312500000000001	-0.3826904296875
0.020333333333333332	-0.328887939453125
0.020354166666666666	-0.27398681640625
0.020375000000000001	-0.218170166015625
0.020395833333333332	-0.16162109375
0.020416666666666666	-0.10455322265625
0.020437500000000001	-0.047119140625
0.020458333333333332	0.010467529296875
0.020479166666666666	0.0679931640625
0.020500000000000001	0.12530517578125
0.020520833333333332	0.182220458984375
0.020541666666666666	0.238525390625
0.020562500000000001	0.294036865234375
0.020583333333333332	0.34857177734375
0.020604166666666666	0.401947021484375
0.020625000000000001	0.4539794921875
0.020645833333333332	0.5045166015625
0.020666666666666667	0.553375244140625
0.020687500000000001	0.60040283203125
0.020708333333333332	0.64544677734375
0.020729166666666667	0.6883544921875
0.020749999999999998	0.72894287109375
0.020770833333333332	0.76715087890625
0.020791666666666667	0.80279541015625
0.020812499999999998	0.835784912109375
0.020833333333333332	0.865997314453125
0.020854166666666667	0.893341064453125
0.020874999999999998	0.917724609375
0.020895833333333332	0.9390869140625
0.020916666666666667	0.957305908203125
0.020937499999999998	0.97235107421875
0.020958333333333332	0.98419189453125
0.020979166666666667	0.99273681640625
0.020999999999999998	0.998016357421875
0.021020833333333332	0.999969482421875
0.021041666666666667	0.998626708984375
0.021062499999999998	0.99395751953125
0.021083333333333332	0.985992431640625
0.021104166666666667	0.9747314453125
0.021124999999999998	0.96026611328125
0.021145833333333332	0.942626953125
0.021166666666666667	0.921844482421875
0.021187499999999998	0.89801025390625
0.021208333333333333	0.871185302734375
0.021229166666666667	0.84149169921875
0.021249999999999998	0.808990478515625
0.021270833333333333	0.773834228515625
0.021291666666666667	0.736083984375
0.021312499999999998	0.695892333984375
